time,Eating,Eggs,Hunting,JPO_egg_counter,Mating,Swimming,boxnumber,day,eggnumber,gonad_identifyer,gonad_maturity,gonad_weight,identifyer,length,liver_co,liver_identifyer,mass,oxygen,prey_availability,rep_cyc,res_box,sex,sex_gon,stc_identifyer,stc_prey_count,stc_variable,temperature
0.0,0.0,0.0,0.0,,0.0,0.0,,,,,,,1050.0,442.0,,,715.0,,,1.0,13.0,0.0,,,,,
0.0,0.0,0.0,0.0,,0.0,0.0,,,,,,,1049.0,442.0,,,715.0,,,1.0,13.0,1.0,,,,,
0.0,0.0,0.0,0.0,,0.0,0.0,25.0,0.0,,,,,,,,,,100.0,0.0,,,,,,,,10.0
0.0,0.0,0.0,0.0,,0.0,0.0,1.0,0.0,,,,,,,,,,100.0,0.0,,,,,,,,10.0
0.0,0.0,0.0,0.0,,0.0,0.0,13.0,0.0,,,,,,,,,,100.0,0.0,,,,,,,,10.0
0.0,0.0,0.0,0.0,,0.0,0.0,37.0,0.0,,,,,,,,,,100.0,0.0,,,,,,,,10.0
0.0,0.0,0.0,0.0,,0.0,0.0,,,,,,,,,,,,,,,,,,1049.0,0.0,1.0,
0.0,0.0,0.0,0.0,,0.0,0.0,,,,,,,,,,,,,,,,,,1050.0,0.0,1.0,
0.0,0.0,0.0,0.0,0.0,0.0,0.0,,,0.0,1049.0,0.0,0.0,,,,,,,,,,,1.0,,,,
0.0,0.0,0.0,0.0,0.0,0.0,0.0,,,0.0,1050.0,0.0,0.0,,,,,,,,,,,0.0,,,,
0.0,0.0,0.0,0.0,,0.0,0.0,,,,,,,,,0.0,1049.0,,,,,,,,,,,
0.0,0.0,0.0,0.0,,0.0,0.0,,,,,,,,,0.0,1050.0,,,,,,,,,,,
16800.0,75.0,0.0,18.0,,0.0,21840.0,,,,,,,1050.0,446.05761144559096,,,740.9716199998284,,,1.0,13.0,0.0,,,,,
16800.0,75.0,0.0,18.0,,0.0,21840.0,,,,,,,1049.0,443.75336443426727,,,724.788229999962,,,1.0,13.0,1.0,,,,,
16800.0,75.0,0.0,18.0,,0.0,21840.0,25.0,7.0,,,,,,,,,,70.0,193.0,,,,,,,,7.0
16800.0,75.0,0.0,18.0,,0.0,21840.0,37.0,7.0,,,,,,,,,,67.0,2317.0,,,,,,,,8.0
16800.0,75.0,0.0,18.0,,0.0,21840.0,1.0,7.0,,,,,,,,,,83.0,2317.0,,,,,,,,6.0
16800.0,75.0,0.0,18.0,,0.0,21840.0,13.0,7.0,,,,,,,,,,99.0,650.0,,,,,,,,6.0
16800.0,75.0,0.0,18.0,,0.0,21840.0,,,,,,,,,,,,,,,,,,1050.0,77.22000000000001,1.0,
16800.0,75.0,0.0,18.0,,0.0,21840.0,,,,,,,,,,,,,,,,,,1049.0,61.82800000000002,1.0,
16800.0,75.0,0.0,18.0,0.0,0.0,21840.0,,,0.0,1049.0,0.0,0.0,,,,,,,,,,,1.0,,,,
16800.0,75.0,0.0,18.0,0.0,0.0,21840.0,,,0.0,1050.0,0.0,0.0,,,,,,,,,,,0.0,,,,
16800.0,75.0,0.0,18.0,,0.0,21840.0,,,,,,,,,0.8622251895840473,1049.0,,,,,,,,,,,
16800.0,75.0,0.0,18.0,,0.0,21840.0,,,,,,,,,1.146569392468851,1050.0,,,,,,,,,,,
33600.0,153.0,0.0,36.0,,0.0,45285.0,,,,,,,1050.0,449.9749936545803,,,767.0138799996572,,,1.0,13.0,0.0,,,,,
33600.0,153.0,0.0,36.0,,0.0,45285.0,,,,,,,1049.0,446.3660440225582,,,740.3684399998804,,,1.0,13.0,1.0,,,,,
33600.0,153.0,0.0,36.0,,0.0,45285.0,25.0,14.0,,,,,,,,,,70.0,193.0,,,,,,,,7.0
33600.0,153.0,0.0,36.0,,0.0,45285.0,37.0,14.0,,,,,,,,,,67.0,2317.0,,,,,,,,8.0
33600.0,153.0,0.0,36.0,,0.0,45285.0,13.0,14.0,,,,,,,,,,99.0,572.0,,,,,,,,6.0
33600.0,153.0,0.0,36.0,,0.0,45285.0,1.0,14.0,,,,,,,,,,83.0,2317.0,,,,,,,,6.0
33600.0,153.0,0.0,36.0,,0.0,45285.0,,,,,,,,,,,,,,,,,,1050.0,153.97200000000004,1.0,
33600.0,153.0,0.0,36.0,,0.0,45285.0,,,,,,,,,,,,,,,,,,1049.0,121.67999999999999,1.0,
33600.0,153.0,0.0,36.0,0.0,0.0,45285.0,,,0.0,1049.0,0.0,0.0,,,,,,,,,,,1.0,,,,
33600.0,153.0,0.0,36.0,0.0,0.0,45285.0,,,0.0,1050.0,0.0,0.0,,,,,,,,,,,0.0,,,,
33600.0,153.0,0.0,36.0,,0.0,45285.0,,,,,,,,,2.38437346625676,1049.0,,,,,,,,,,,
33600.0,153.0,0.0,36.0,,0.0,45285.0,,,,,,,,,4.995321747325089,1050.0,,,,,,,,,,,
50400.0,254.0,0.0,54.0,,0.0,73449.0,,,,,,,1050.0,450.63198404378693,,,765.9813599997602,,,1.0,13.0,0.0,,,,,
50400.0,254.0,0.0,54.0,,0.0,73449.0,,,,,,,1049.0,450.92501652083405,,,771.3092099996641,,,1.0,13.0,1.0,,,,,
50400.0,254.0,0.0,54.0,,0.0,73449.0,25.0,21.0,,,,,,,,,,70.0,193.0,,,,,,,,7.0
50400.0,254.0,0.0,54.0,,0.0,73449.0,37.0,21.0,,,,,,,,,,67.0,2317.0,,,,,,,,8.0
50400.0,254.0,0.0,54.0,,0.0,73449.0,13.0,21.0,,,,,,,,,,99.0,471.0,,,,,,,,6.0
50400.0,254.0,0.0,54.0,,0.0,73449.0,1.0,21.0,,,,,,,,,,83.0,2317.0,,,,,,,,6.0
50400.0,254.0,0.0,54.0,,0.0,73449.0,,,,,,,,,,,,,,,,,,1049.0,212.52400000000043,1.0,
50400.0,254.0,0.0,54.0,,0.0,73449.0,,,,,,,,,,,,,,,,,,1050.0,189.11100000000033,1.0,
50400.0,254.0,0.0,54.0,0.0,0.0,73449.0,,,0.0,1049.0,0.0,0.0,,,,,,,,,,,1.0,,,,
50400.0,254.0,0.0,54.0,0.0,0.0,73449.0,,,0.0,1050.0,0.0,0.0,,,,,,,,,,,0.0,,,,
50400.0,254.0,0.0,54.0,,0.0,73449.0,,,,,,,,,3.3602537746522048,1049.0,,,,,,,,,,,
50400.0,254.0,0.0,54.0,,0.0,73449.0,,,,,,,,,4.995421560721444,1050.0,,,,,,,,,,,
67200.0,347.0,0.0,74.0,,0.0,104870.0,,,,,,,1049.0,452.3740381425488,,,779.5827199996369,,,1.0,13.0,1.0,,,,,
67200.0,347.0,0.0,74.0,,0.0,104870.0,,,,,,,1050.0,451.944956816574,,,772.0266999997671,,,1.0,13.0,0.0,,,,,
67200.0,347.0,0.0,74.0,,0.0,104870.0,37.0,28.0,,,,,,,,,,67.0,2317.0,,,,,,,,8.0
67200.0,347.0,0.0,74.0,,0.0,104870.0,25.0,28.0,,,,,,,,,,70.0,193.0,,,,,,,,7.0
67200.0,347.0,0.0,74.0,,0.0,104870.0,1.0,28.0,,,,,,,,,,83.0,2317.0,,,,,,,,6.0
67200.0,347.0,0.0,74.0,,0.0,104870.0,13.0,28.0,,,,,,,,,,99.0,378.0,,,,,,,,6.0
67200.0,347.0,0.0,74.0,,0.0,104870.0,,,,,,,,,,,,,,,,,,1049.0,284.3620000000003,1.0,
67200.0,347.0,0.0,74.0,,0.0,104870.0,,,,,,,,,,,,,,,,,,1050.0,254.08500000000066,1.0,
67200.0,347.0,0.0,74.0,0.0,0.0,104870.0,,,0.0,1050.0,0.0,0.0,,,,,,,,,,,0.0,,,,
67200.0,347.0,0.0,74.0,0.0,0.0,104870.0,,,0.0,1049.0,0.0,0.0,,,,,,,,,,,1.0,,,,
67200.0,347.0,0.0,74.0,,0.0,104870.0,,,,,,,,,3.360407204587515,1049.0,,,,,,,,,,,
67200.0,347.0,0.0,74.0,,0.0,104870.0,,,,,,,,,4.995538008310465,1050.0,,,,,,,,,,,
84000.0,440.0,0.0,93.0,,0.0,123290.0,,,,,,,1050.0,455.5454140403797,,,796.3342099996052,,,1.0,13.0,0.0,,,,,
84000.0,440.0,0.0,93.0,,0.0,123290.0,,,,,,,1049.0,454.2149290051733,,,791.0504499995787,,,1.0,37.0,1.0,,,,,
84000.0,440.0,0.0,93.0,,0.0,123290.0,37.0,35.0,,,,,,,,,,69.0,2314.0,,,,,,,,7.0
84000.0,440.0,0.0,93.0,,0.0,123290.0,13.0,35.0,,,,,,,,,,62.0,291.0,,,,,,,,5.0
84000.0,440.0,0.0,93.0,,0.0,123290.0,25.0,35.0,,,,,,,,,,65.0,193.0,,,,,,,,7.0
84000.0,440.0,0.0,93.0,,0.0,123290.0,1.0,35.0,,,,,,,,,,73.0,2314.0,,,,,,,,4.0
84000.0,440.0,0.0,93.0,,0.0,123290.0,,,,,,,,,,,,,,,,,,1049.0,345.53999999999957,1.0,
84000.0,440.0,0.0,93.0,,0.0,123290.0,,,,,,,,,,,,,,,,,,1050.0,335.8939999999996,1.0,
84000.0,440.0,0.0,93.0,0.0,0.0,123290.0,,,0.0,1049.0,0.0,0.0,,,,,,,,,,,1.0,,,,
84000.0,440.0,0.0,93.0,0.0,0.0,123290.0,,,0.0,1050.0,0.0,0.0,,,,,,,,,,,0.0,,,,
84000.0,440.0,0.0,93.0,,0.0,123290.0,,,,,,,,,4.99568495196662,1050.0,,,,,,,,,,,
84000.0,440.0,0.0,93.0,,0.0,123290.0,,,,,,,,,4.284376984865278,1049.0,,,,,,,,,,,
100800.0,793.0,0.0,113.0,,0.0,144575.0,,,,,,,1050.0,459.95673552346585,,,827.6623999993861,,,1.0,1.0,0.0,,,,,
100800.0,793.0,0.0,113.0,,0.0,144575.0,,,,,,,1049.0,455.39824731276775,,,795.8875499996042,,,1.0,37.0,1.0,,,,,
100800.0,793.0,0.0,113.0,,0.0,144575.0,25.0,42.0,,,,,,,,,,65.0,193.0,,,,,,,,7.0
100800.0,793.0,0.0,113.0,,0.0,144575.0,37.0,42.0,,,,,,,,,,69.0,2290.0,,,,,,,,7.0
100800.0,793.0,0.0,113.0,,0.0,144575.0,1.0,42.0,,,,,,,,,,73.0,2290.0,,,,,,,,4.0
100800.0,793.0,0.0,113.0,,0.0,144575.0,13.0,42.0,,,,,,,,,,62.0,711.0,,,,,,,,5.0
100800.0,793.0,0.0,113.0,,0.0,144575.0,,,,,,,,,,,,,,,,,,1050.0,408.25199999999256,1.0,
100800.0,793.0,0.0,113.0,,0.0,144575.0,,,,,,,,,,,,,,,,,,1049.0,393.7179999999995,1.0,
100800.0,793.0,0.0,113.0,0.0,0.0,144575.0,,,0.0,1049.0,0.0,0.0,,,,,,,,,,,1.0,,,,
100800.0,793.0,0.0,113.0,0.0,0.0,144575.0,,,0.0,1050.0,0.0,0.0,,,,,,,,,,,0.0,,,,
100800.0,793.0,0.0,113.0,,0.0,144575.0,,,,,,,,,15.718220671977779,1050.0,,,,,,,,,,,
100800.0,793.0,0.0,113.0,,0.0,144575.0,,,,,,,,,11.975324254199151,1049.0,,,,,,,,,,,
117600.0,852.0,0.0,132.0,,0.0,175924.0,,,,,,,1049.0,456.6927477447438,,,802.6559899996017,,,1.0,37.0,1.0,,,,,
117600.0,852.0,0.0,132.0,,0.0,175924.0,,,,,,,1050.0,461.08049390065446,,,834.5740999993654,,,1.0,37.0,0.0,,,,,
117600.0,852.0,0.0,132.0,,0.0,175924.0,13.0,49.0,,,,,,,,,,62.0,711.0,,,,,,,,5.0
117600.0,852.0,0.0,132.0,,0.0,175924.0,37.0,49.0,,,,,,,,,,69.0,2231.0,,,,,,,,7.0
117600.0,852.0,0.0,132.0,,0.0,175924.0,25.0,49.0,,,,,,,,,,65.0,193.0,,,,,,,,7.0
117600.0,852.0,0.0,132.0,,0.0,175924.0,1.0,49.0,,,,,,,,,,73.0,2290.0,,,,,,,,4.0
117600.0,852.0,0.0,132.0,,0.0,175924.0,,,,,,,,,,,,,,,,,,1049.0,441.41499999999945,1.0,
117600.0,852.0,0.0,132.0,,0.0,175924.0,,,,,,,,,,,,,,,,,,1050.0,461.9159999999923,1.0,
117600.0,852.0,0.0,132.0,0.0,0.0,175924.0,,,0.0,1050.0,0.0,0.0,,,,,,,,,,,0.0,,,,
117600.0,852.0,0.0,132.0,0.0,0.0,175924.0,,,0.0,1049.0,0.0,0.0,,,,,,,,,,,1.0,,,,
117600.0,852.0,0.0,132.0,,0.0,175924.0,,,,,,,,,19.216985276444888,1050.0,,,,,,,,,,,
117600.0,852.0,0.0,132.0,,0.0,175924.0,,,,,,,,,17.61658948169089,1049.0,,,,,,,,,,,
134400.0,908.0,0.0,152.0,,0.0,209372.0,,,,,,,1050.0,461.5248063858062,,,834.5723799994187,,,1.0,37.0,0.0,,,,,
134400.0,908.0,0.0,152.0,,0.0,209372.0,,,,,,,1049.0,459.0521907703421,,,817.6148999995308,,,1.0,37.0,1.0,,,,,
134400.0,908.0,0.0,152.0,,0.0,209372.0,13.0,56.0,,,,,,,,,,62.0,711.0,,,,,,,,5.0
134400.0,908.0,0.0,152.0,,0.0,209372.0,25.0,56.0,,,,,,,,,,65.0,193.0,,,,,,,,7.0
134400.0,908.0,0.0,152.0,,0.0,209372.0,37.0,56.0,,,,,,,,,,69.0,2175.0,,,,,,,,7.0
134400.0,908.0,0.0,152.0,,0.0,209372.0,1.0,56.0,,,,,,,,,,73.0,2290.0,,,,,,,,4.0
134400.0,908.0,0.0,152.0,,0.0,209372.0,,,,,,,,,,,,,,,,,,1050.0,502.0859999999922,1.0,
134400.0,908.0,0.0,152.0,,0.0,209372.0,,,,,,,,,,,,,,,,,,1049.0,505.2189999999993,1.0,
134400.0,908.0,0.0,152.0,0.0,0.0,209372.0,,,0.0,1050.0,0.0,0.0,,,,,,,,,,,0.0,,,,
134400.0,908.0,0.0,152.0,0.0,0.0,209372.0,,,0.0,1049.0,0.0,0.0,,,,,,,,,,,1.0,,,,
134400.0,908.0,0.0,152.0,,0.0,209372.0,,,,,,,,,19.704591665111725,1049.0,,,,,,,,,,,
134400.0,908.0,0.0,152.0,,0.0,209372.0,,,,,,,,,19.780332071564835,1050.0,,,,,,,,,,,
151200.0,963.0,0.0,171.0,,0.0,244344.0,,,,,,,1049.0,460.2613895684357,,,825.0053299995017,,,2.0,13.0,1.0,,,,,
151200.0,963.0,0.0,171.0,,0.0,244344.0,,,,,,,1050.0,461.82061382605843,,,832.4705199995047,,,2.0,37.0,0.0,,,,,
151200.0,963.0,0.0,171.0,,0.0,244344.0,37.0,63.0,,,,,,,,,,91.0,2143.0,,,,,,,,5.0
151200.0,963.0,0.0,171.0,,0.0,244344.0,1.0,63.0,,,,,,,,,,76.0,2286.0,,,,,,,,3.0
151200.0,963.0,0.0,171.0,,0.0,244344.0,13.0,63.0,,,,,,,,,,81.0,692.0,,,,,,,,5.0
151200.0,963.0,0.0,171.0,,0.0,244344.0,25.0,63.0,,,,,,,,,,67.0,193.0,,,,,,,,7.0
151200.0,963.0,0.0,171.0,,0.0,244344.0,,,,,,,,,,,,,,,,,,1050.0,535.7169999999923,1.0,
151200.0,963.0,0.0,171.0,,0.0,244344.0,,,,,,,,,,,,,,,,,,1049.0,556.6339999999999,1.0,
151200.0,963.0,0.0,171.0,0.1174,0.0,244344.0,,,4.0,1050.0,0.0,0.1174,,,,,,,,,,,0.0,,,,
151200.0,963.0,0.0,171.0,2.9584799999999802,0.0,244344.0,,,4.0,1049.0,0.0,2.9584799999999802,,,,,,,,,,,1.0,,,,
151200.0,963.0,0.0,171.0,,0.0,244344.0,,,,,,,,,19.939638776061198,1049.0,,,,,,,,,,,
151200.0,963.0,0.0,171.0,,0.0,244344.0,,,,,,,,,19.926334954165327,1050.0,,,,,,,,,,,
168000.0,1015.0,0.0,190.0,,0.0,276229.0,,,,,,,1049.0,461.06578408549353,,,829.8466699994783,,,2.0,1.0,1.0,,,,,
168000.0,1015.0,0.0,190.0,,0.0,276229.0,,,,,,,1050.0,462.06995084047014,,,830.8596099995729,,,2.0,37.0,0.0,,,,,
168000.0,1015.0,0.0,190.0,,0.0,276229.0,25.0,70.0,,,,,,,,,,67.0,193.0,,,,,,,,7.0
168000.0,1015.0,0.0,190.0,,0.0,276229.0,37.0,70.0,,,,,,,,,,91.0,2123.0,,,,,,,,5.0
168000.0,1015.0,0.0,190.0,,0.0,276229.0,1.0,70.0,,,,,,,,,,76.0,2258.0,,,,,,,,3.0
168000.0,1015.0,0.0,190.0,,0.0,276229.0,13.0,70.0,,,,,,,,,,81.0,688.0,,,,,,,,5.0
168000.0,1015.0,0.0,190.0,,0.0,276229.0,,,,,,,,,,,,,,,,,,1050.0,573.3909999999926,1.0,
168000.0,1015.0,0.0,190.0,,0.0,276229.0,,,,,,,,,,,,,,,,,,1049.0,603.4339999999999,1.0,
168000.0,1015.0,0.0,190.0,1.749260000000008,0.0,276229.0,,,4.0,1049.0,1.0,7.959719999999827,,,,,,,,,,,1.0,,,,
168000.0,1015.0,0.0,190.0,1.6318600000000072,0.0,276229.0,,,4.0,1050.0,0.0,1.6318600000000072,,,,,,,,,,,0.0,,,,
168000.0,1015.0,0.0,190.0,,0.0,276229.0,,,,,,,,,19.98999596473023,1049.0,,,,,,,,,,,
168000.0,1015.0,0.0,190.0,,0.0,276229.0,,,,,,,,,19.972834113050688,1050.0,,,,,,,,,,,
184800.0,1066.0,0.0,208.0,,0.0,306988.0,,,,,,,1049.0,462.71350467545193,,,840.4235999994178,,,2.0,13.0,1.0,,,,,
184800.0,1066.0,0.0,208.0,,0.0,306988.0,,,,,,,1050.0,462.3285685001839,,,829.6068899996312,,,2.0,13.0,0.0,,,,,
184800.0,1066.0,0.0,208.0,,0.0,306988.0,1.0,77.0,,,,,,,,,,76.0,2250.0,,,,,,,,3.0
184800.0,1066.0,0.0,208.0,,0.0,306988.0,25.0,77.0,,,,,,,,,,67.0,193.0,,,,,,,,7.0
184800.0,1066.0,0.0,208.0,,0.0,306988.0,13.0,77.0,,,,,,,,,,81.0,647.0,,,,,,,,5.0
184800.0,1066.0,0.0,208.0,,0.0,306988.0,37.0,77.0,,,,,,,,,,91.0,2121.0,,,,,,,,5.0
184800.0,1066.0,0.0,208.0,,0.0,306988.0,,,,,,,,,,,,,,,,,,1049.0,668.6159999999996,1.0,
184800.0,1066.0,0.0,208.0,,0.0,306988.0,,,,,,,,,,,,,,,,,,1050.0,601.4839999999926,1.0,
184800.0,1066.0,0.0,208.0,3.1110999999999756,0.0,306988.0,,,4.0,1050.0,0.0,3.1110999999999756,,,,,,,,,,,0.0,,,,
184800.0,1066.0,0.0,208.0,4.737089999999926,0.0,306988.0,,,4.0,1049.0,2.0,17.21670999999991,,,,,,,,,,,1.0,,,,
184800.0,1066.0,0.0,208.0,,0.0,306988.0,,,,,,,,,19.998645237884656,1049.0,,,,,,,,,,,
184800.0,1066.0,0.0,208.0,,0.0,306988.0,,,,,,,,,19.991809376165616,1050.0,,,,,,,,,,,
201600.0,1161.0,0.0,232.0,,0.0,333767.0,,,,,,,1050.0,464.1067681041435,,,840.8507299995689,,,2.0,13.0,0.0,,,,,
201600.0,1161.0,0.0,232.0,,0.0,333767.0,,,,,,,1049.0,464.18283415662034,,,850.1072899993586,,,2.0,1.0,1.0,,,,,
201600.0,1161.0,0.0,232.0,,0.0,333767.0,13.0,84.0,,,,,,,,,,81.0,559.0,,,,,,,,5.0
201600.0,1161.0,0.0,232.0,,0.0,333767.0,25.0,84.0,,,,,,,,,,67.0,193.0,,,,,,,,7.0
201600.0,1161.0,0.0,232.0,,0.0,333767.0,1.0,84.0,,,,,,,,,,76.0,2243.0,,,,,,,,3.0
201600.0,1161.0,0.0,232.0,,0.0,333767.0,37.0,84.0,,,,,,,,,,91.0,2121.0,,,,,,,,5.0
201600.0,1161.0,0.0,232.0,,0.0,333767.0,,,,,,,,,,,,,,,,,,1050.0,668.2909999999932,1.0,
201600.0,1161.0,0.0,232.0,,0.0,333767.0,,,,,,,,,,,,,,,,,,1049.0,722.2539999999997,1.0,
201600.0,1161.0,0.0,232.0,3.480909999999964,0.0,333767.0,,,4.0,1050.0,1.0,13.547959999999655,,,,,,,,,,,0.0,,,,
201600.0,1161.0,0.0,232.0,0.8335400000000015,0.0,333767.0,,,4.0,1049.0,4.0,26.0099700000023,,,,,,,,,,,1.0,,,,
201600.0,1161.0,0.0,232.0,,0.0,333767.0,,,,,,,,,19.997978924968137,1050.0,,,,,,,,,,,
201600.0,1161.0,0.0,232.0,,0.0,333767.0,,,,,,,,,19.999697616085612,1049.0,,,,,,,,,,,
218400.0,1217.0,0.0,250.0,,0.0,369643.0,,,,,,,1050.0,464.7796998264464,,,844.0243999995712,,,2.0,37.0,0.0,,,,,
218400.0,1217.0,0.0,250.0,,0.0,369643.0,,,,,,,1049.0,465.11670320093316,,,854.8474099993566,,,2.0,37.0,1.0,,,,,
218400.0,1217.0,0.0,250.0,,0.0,369643.0,1.0,91.0,,,,,,,,,,76.0,2237.0,,,,,,,,3.0
218400.0,1217.0,0.0,250.0,,0.0,369643.0,25.0,91.0,,,,,,,,,,67.0,193.0,,,,,,,,7.0
218400.0,1217.0,0.0,250.0,,0.0,369643.0,13.0,91.0,,,,,,,,,,81.0,548.0,,,,,,,,5.0
218400.0,1217.0,0.0,250.0,,0.0,369643.0,37.0,91.0,,,,,,,,,,91.0,2082.0,,,,,,,,5.0
218400.0,1217.0,0.0,250.0,,0.0,369643.0,,,,,,,,,,,,,,,,,,1050.0,706.0299999999941,1.0,
218400.0,1217.0,0.0,250.0,,0.0,369643.0,,,,,,,,,,,,,,,,,,1049.0,766.6880000000003,1.0,
218400.0,1217.0,0.0,250.0,6.3043799999998775,0.0,369643.0,,,4.0,1049.0,4.0,31.48081000000379,,,,,,,,,,,1.0,,,,
218400.0,1217.0,0.0,250.0,7.237709999999849,0.0,369643.0,,,4.0,1050.0,1.0,17.304759999999934,,,,,,,,,,,0.0,,,,
218400.0,1217.0,0.0,250.0,,0.0,369643.0,,,,,,,,,19.999917571480427,1049.0,,,,,,,,,,,
218400.0,1217.0,0.0,250.0,,0.0,369643.0,,,,,,,,,19.999256306604902,1050.0,,,,,,,,,,,
235200.0,1314.0,0.0,272.0,,0.0,398738.0,,,,,,,1049.0,466.1380498447689,,,860.9323699993357,,,2.0,37.0,1.0,,,,,
235200.0,1314.0,0.0,272.0,,0.0,398738.0,,,,,,,1050.0,465.5161193540668,,,847.6128999995694,,,2.0,37.0,0.0,,,,,
235200.0,1314.0,0.0,272.0,,0.0,398738.0,13.0,98.0,,,,,,,,,,83.0,548.0,,,,,,,,5.0
235200.0,1314.0,0.0,272.0,,0.0,398738.0,25.0,98.0,,,,,,,,,,72.0,193.0,,,,,,,,7.0
235200.0,1314.0,0.0,272.0,,0.0,398738.0,1.0,98.0,,,,,,,,,,64.0,2231.0,,,,,,,,4.0
235200.0,1314.0,0.0,272.0,,0.0,398738.0,37.0,98.0,,,,,,,,,,86.0,1991.0,,,,,,,,4.0
235200.0,1314.0,0.0,272.0,,0.0,398738.0,,,,,,,,,,,,,,,,,,1049.0,824.8370000000014,1.0,
235200.0,1314.0,0.0,272.0,,0.0,398738.0,,,,,,,,,,,,,,,,,,1050.0,753.4539999999947,1.0,
235200.0,1314.0,0.0,272.0,6.21045999999988,0.0,398738.0,,,4.0,1049.0,5.0,37.7969300000055,,,,,,,,,,,1.0,,,,
235200.0,1314.0,0.0,272.0,1.2620500000000046,0.0,398738.0,,,4.0,1050.0,2.0,21.495940000001074,,,,,,,,,,,0.0,,,,
235200.0,1314.0,0.0,272.0,,0.0,398738.0,,,,,,,,,19.99977592808329,1050.0,,,,,,,,,,,
235200.0,1314.0,0.0,272.0,,0.0,398738.0,,,,,,,,,19.999979663633624,1049.0,,,,,,,,,,,
252000.0,1379.0,0.0,288.0,,0.0,436521.0,,,,,,,1050.0,465.6231008674134,,,845.7021499996268,,,2.0,37.0,0.0,,,,,
252000.0,1379.0,0.0,288.0,,0.0,436521.0,,,,,,,1049.0,466.2084962546777,,,858.8604499993929,,,2.0,37.0,1.0,,,,,
252000.0,1379.0,0.0,288.0,,0.0,436521.0,25.0,105.0,,,,,,,,,,72.0,193.0,,,,,,,,7.0
252000.0,1379.0,0.0,288.0,,0.0,436521.0,13.0,105.0,,,,,,,,,,83.0,548.0,,,,,,,,5.0
252000.0,1379.0,0.0,288.0,,0.0,436521.0,1.0,105.0,,,,,,,,,,64.0,2231.0,,,,,,,,4.0
252000.0,1379.0,0.0,288.0,,0.0,436521.0,37.0,105.0,,,,,,,,,,86.0,1926.0,,,,,,,,4.0
252000.0,1379.0,0.0,288.0,,0.0,436521.0,,,,,,,,,,,,,,,,,,1050.0,787.7739999999955,1.0,
252000.0,1379.0,0.0,288.0,,0.0,436521.0,,,,,,,,,,,,,,,,,,1049.0,859.0010000000018,1.0,
252000.0,1379.0,0.0,288.0,0.2347999999999998,0.0,436521.0,,,4.0,1049.0,6.0,38.284140000005635,,,,,,,,,,,1.0,,,,
252000.0,1379.0,0.0,288.0,1.731650000000008,0.0,436521.0,,,4.0,1050.0,2.0,21.9655400000012,,,,,,,,,,,0.0,,,,
252000.0,1379.0,0.0,288.0,,0.0,436521.0,,,,,,,,,19.999888695204938,1050.0,,,,,,,,,,,
252000.0,1379.0,0.0,288.0,,0.0,436521.0,,,,,,,,,19.999989898644888,1049.0,,,,,,,,,,,
268800.0,1449.0,0.0,307.0,,0.0,472434.0,,,,,,,1049.0,466.65403756415543,,,860.459419999407,,,2.0,37.0,1.0,,,,,
268800.0,1449.0,0.0,307.0,,0.0,472434.0,,,,,,,1050.0,465.6995611599855,,,843.9749699996761,,,2.0,37.0,0.0,,,,,
268800.0,1449.0,0.0,307.0,,0.0,472434.0,1.0,112.0,,,,,,,,,,64.0,2231.0,,,,,,,,4.0
268800.0,1449.0,0.0,307.0,,0.0,472434.0,37.0,112.0,,,,,,,,,,86.0,1856.0,,,,,,,,4.0
268800.0,1449.0,0.0,307.0,,0.0,472434.0,13.0,112.0,,,,,,,,,,83.0,548.0,,,,,,,,5.0
268800.0,1449.0,0.0,307.0,,0.0,472434.0,25.0,112.0,,,,,,,,,,72.0,193.0,,,,,,,,7.0
268800.0,1449.0,0.0,307.0,,0.0,472434.0,,,,,,,,,,,,,,,,,,1050.0,820.9889999999958,1.0,
268800.0,1449.0,0.0,307.0,,0.0,472434.0,,,,,,,,,,,,,,,,,,1049.0,905.6710000000026,1.0,
268800.0,1449.0,0.0,307.0,2.1308100000000056,0.0,472434.0,,,4.0,1050.0,2.0,22.36470000000131,,,,,,,,,,,0.0,,,,
268800.0,1449.0,0.0,307.0,2.8234699999999844,0.0,472434.0,,,4.0,1049.0,6.0,40.87281000000634,,,,,,,,,,,1.0,,,,
268800.0,1449.0,0.0,307.0,,0.0,472434.0,,,,,,,,,19.999944714164585,1050.0,,,,,,,,,,,
268800.0,1449.0,0.0,307.0,,0.0,472434.0,,,,,,,,,19.999996636166635,1049.0,,,,,,,,,,,
285600.0,1536.0,0.0,328.0,,0.0,505127.0,,,,,,,1049.0,467.1057156700664,,,861.6965099994322,,,2.0,37.0,1.0,,,,,
285600.0,1536.0,0.0,328.0,,0.0,505127.0,,,,,,,1050.0,466.6529997359175,,,849.0734099996642,,,2.0,37.0,0.0,,,,,
285600.0,1536.0,0.0,328.0,,0.0,505127.0,1.0,119.0,,,,,,,,,,64.0,2231.0,,,,,,,,4.0
285600.0,1536.0,0.0,328.0,,0.0,505127.0,25.0,119.0,,,,,,,,,,72.0,193.0,,,,,,,,7.0
285600.0,1536.0,0.0,328.0,,0.0,505127.0,13.0,119.0,,,,,,,,,,83.0,548.0,,,,,,,,5.0
285600.0,1536.0,0.0,328.0,,0.0,505127.0,37.0,119.0,,,,,,,,,,86.0,1769.0,,,,,,,,4.0
285600.0,1536.0,0.0,328.0,,0.0,505127.0,,,,,,,,,,,,,,,,,,1050.0,877.772999999997,1.0,
285600.0,1536.0,0.0,328.0,,0.0,505127.0,,,,,,,,,,,,,,,,,,1049.0,945.5940000000032,1.0,
285600.0,1536.0,0.0,328.0,5.324089999999908,0.0,505127.0,,,4.0,1049.0,6.0,43.37343000000702,,,,,,,,,,,1.0,,,,
285600.0,1536.0,0.0,328.0,7.977329999999826,0.0,505127.0,,,4.0,1050.0,2.0,28.2112200000029,,,,,,,,,,,0.0,,,,
285600.0,1536.0,0.0,328.0,,0.0,505127.0,,,,,,,,,19.999998879847755,1049.0,,,,,,,,,,,
285600.0,1536.0,0.0,328.0,,0.0,505127.0,,,,,,,,,19.999987658277654,1050.0,,,,,,,,,,,
302400.0,1609.0,0.0,349.0,,0.0,537010.0,,,,,,,1049.0,468.21594133140616,,,868.1983399994114,,,2.0,37.0,1.0,,,,,
302400.0,1609.0,0.0,349.0,,0.0,537010.0,,,,,,,1050.0,466.91416604933937,,,848.3525499997128,,,2.0,1.0,0.0,,,,,
302400.0,1609.0,0.0,349.0,,0.0,537010.0,13.0,126.0,,,,,,,,,,84.0,548.0,,,,,,,,5.0
302400.0,1609.0,0.0,349.0,,0.0,537010.0,37.0,126.0,,,,,,,,,,78.0,1702.0,,,,,,,,5.0
302400.0,1609.0,0.0,349.0,,0.0,537010.0,1.0,126.0,,,,,,,,,,62.0,2225.0,,,,,,,,5.0
302400.0,1609.0,0.0,349.0,,0.0,537010.0,25.0,126.0,,,,,,,,,,75.0,193.0,,,,,,,,7.0
302400.0,1609.0,0.0,349.0,,0.0,537010.0,,,,,,,,,,,,,,,,,,1050.0,915.9409999999974,1.0,
302400.0,1609.0,0.0,349.0,,0.0,537010.0,,,,,,,,,,,,,,,,,,1049.0,1012.5830000000047,1.0,
302400.0,1609.0,0.0,349.0,9.47417999999978,0.0,537010.0,,,4.0,1050.0,2.0,29.708070000003307,,,,,,,,,,,0.0,,,,
302400.0,1609.0,0.0,349.0,5.183209999999912,0.0,537010.0,,,4.0,1049.0,7.0,49.70129000000874,,,,,,,,,,,1.0,,,,
302400.0,1609.0,0.0,349.0,,0.0,537010.0,,,,,,,,,19.999999862748382,1049.0,,,,,,,,,,,
302400.0,1609.0,0.0,349.0,,0.0,537010.0,,,,,,,,,19.99999695586454,1050.0,,,,,,,,,,,
319200.0,1675.0,0.0,368.0,,0.0,570752.0,,,,,,,1049.0,468.6461687100574,,,868.5925499994541,,,3.0,13.0,1.0,,,,,
319200.0,1675.0,0.0,368.0,,0.0,570752.0,,,,,,,1050.0,467.97761550020596,,,854.7497299996851,,,2.0,1.0,0.0,,,,,
319200.0,1675.0,0.0,368.0,,0.0,570752.0,13.0,133.0,,,,,,,,,,84.0,511.0,,,,,,,,5.0
319200.0,1675.0,0.0,368.0,,0.0,570752.0,25.0,133.0,,,,,,,,,,75.0,193.0,,,,,,,,7.0
319200.0,1675.0,0.0,368.0,,0.0,570752.0,37.0,133.0,,,,,,,,,,78.0,1678.0,,,,,,,,5.0
319200.0,1675.0,0.0,368.0,,0.0,570752.0,1.0,133.0,,,,,,,,,,62.0,2220.0,,,,,,,,5.0
319200.0,1675.0,0.0,368.0,,0.0,570752.0,,,,,,,,,,,,,,,,,,1050.0,964.6519999999979,1.0,
319200.0,1675.0,0.0,368.0,,0.0,570752.0,,,,,,,,,,,,,,,,,,1049.0,1053.9620000000043,1.0,
319200.0,1675.0,0.0,368.0,0.0,0.0,570752.0,,,4.0,1049.0,8.0,51.039650000009104,,,,,,,,,,,1.0,,,,
319200.0,1675.0,0.0,368.0,5.347569999999907,0.0,570752.0,,,4.0,1050.0,3.0,35.777650000004954,,,,,,,,,,,0.0,,,,
319200.0,1675.0,0.0,368.0,,0.0,570752.0,,,,,,,,,19.999999962582784,1049.0,,,,,,,,,,,
319200.0,1675.0,0.0,368.0,,0.0,570752.0,,,,,,,,,19.99999887961079,1050.0,,,,,,,,,,,
336000.0,1717.0,0.0,379.0,,0.0,608311.0,,,,,,,1049.0,469.5181437580301,,,871.79221999949,,,3.0,13.0,1.0,,,,,
336000.0,1717.0,0.0,379.0,,0.0,608311.0,,,,,,,1050.0,468.1761770644867,,,852.7598399997569,,,2.0,37.0,0.0,,,,,
336000.0,1717.0,0.0,379.0,,0.0,608311.0,1.0,140.0,,,,,,,,,,62.0,2213.0,,,,,,,,5.0
336000.0,1717.0,0.0,379.0,,0.0,608311.0,13.0,140.0,,,,,,,,,,84.0,484.0,,,,,,,,5.0
336000.0,1717.0,0.0,379.0,,0.0,608311.0,37.0,140.0,,,,,,,,,,78.0,1670.0,,,,,,,,5.0
336000.0,1717.0,0.0,379.0,,0.0,608311.0,25.0,140.0,,,,,,,,,,75.0,193.0,,,,,,,,7.0
336000.0,1717.0,0.0,379.0,,0.0,608311.0,,,,,,,,,,,,,,,,,,1049.0,1085.5520000000035,1.0,
336000.0,1717.0,0.0,379.0,,0.0,608311.0,,,,,,,,,,,,,,,,,,1050.0,994.1359999999981,1.0,
336000.0,1717.0,0.0,379.0,6.592009999999869,0.0,608311.0,,,4.0,1050.0,3.0,37.02209000000529,,,,,,,,,,,0.0,,,,
336000.0,1717.0,0.0,379.0,0.0,0.0,608311.0,,,4.0,1049.0,8.0,51.039650000009104,,,,,,,,,,,1.0,,,,
336000.0,1717.0,0.0,379.0,,0.0,608311.0,,,,,,,,,19.9999996269896,1050.0,,,,,,,,,,,
336000.0,1717.0,0.0,379.0,,0.0,608311.0,,,,,,,,,19.999999979457375,1049.0,,,,,,,,,,,
352800.0,1803.0,0.0,398.0,,0.0,646089.0,,,,,,,1049.0,469.8583352406263,,,870.3024299995676,,,3.0,13.0,1.0,,,,,
352800.0,1803.0,0.0,398.0,,0.0,646089.0,,,,,,,1050.0,468.6615269557994,,,852.740169999812,,,2.0,1.0,0.0,,,,,
352800.0,1803.0,0.0,398.0,,0.0,646089.0,13.0,147.0,,,,,,,,,,84.0,422.0,,,,,,,,5.0
352800.0,1803.0,0.0,398.0,,0.0,646089.0,37.0,147.0,,,,,,,,,,78.0,1653.0,,,,,,,,5.0
352800.0,1803.0,0.0,398.0,,0.0,646089.0,25.0,147.0,,,,,,,,,,75.0,193.0,,,,,,,,7.0
352800.0,1803.0,0.0,398.0,,0.0,646089.0,1.0,147.0,,,,,,,,,,62.0,2206.0,,,,,,,,5.0
352800.0,1803.0,0.0,398.0,,0.0,646089.0,,,,,,,,,,,,,,,,,,1049.0,1121.4580000000008,1.0,
352800.0,1803.0,0.0,398.0,,0.0,646089.0,,,,,,,,,,,,,,,,,,1050.0,1034.8909999999985,1.0,
352800.0,1803.0,0.0,398.0,0.0,0.0,646089.0,,,4.0,1049.0,8.0,51.039650000009104,,,,,,,,,,,1.0,,,,
352800.0,1803.0,0.0,398.0,8.981099999999795,0.0,646089.0,,,4.0,1050.0,3.0,39.41118000000594,,,,,,,,,,,0.0,,,,
352800.0,1803.0,0.0,398.0,,0.0,646089.0,,,,,,,,,19.99999988761788,1050.0,,,,,,,,,,,
352800.0,1803.0,0.0,398.0,,0.0,646089.0,,,,,,,,,19.999999979439753,1049.0,,,,,,,,,,,
369600.0,1932.0,0.0,427.0,,0.0,678077.0,,,,,,,1049.0,469.89331761770126,,,868.355079999618,,,3.0,13.0,1.0,,,,,
369600.0,1932.0,0.0,427.0,,0.0,678077.0,,,,,,,1050.0,469.6999722601235,,,859.5424099997736,,,2.0,37.0,0.0,,,,,
369600.0,1932.0,0.0,427.0,,0.0,678077.0,37.0,154.0,,,,,,,,,,68.0,1633.0,,,,,,,,6.0
369600.0,1932.0,0.0,427.0,,0.0,678077.0,25.0,154.0,,,,,,,,,,67.0,193.0,,,,,,,,7.0
369600.0,1932.0,0.0,427.0,,0.0,678077.0,13.0,154.0,,,,,,,,,,64.0,340.0,,,,,,,,5.0
369600.0,1932.0,0.0,427.0,,0.0,678077.0,1.0,154.0,,,,,,,,,,61.0,2179.0,,,,,,,,8.0
369600.0,1932.0,0.0,427.0,,0.0,678077.0,,,,,,,,,,,,,,,,,,1049.0,1163.473999999998,1.0,
369600.0,1932.0,0.0,427.0,,0.0,678077.0,,,,,,,,,,,,,,,,,,1050.0,1104.5449999999976,1.0,
369600.0,1932.0,0.0,427.0,5.171469999999912,0.0,678077.0,,,4.0,1050.0,4.0,45.862310000007696,,,,,,,,,,,0.0,,,,
369600.0,1932.0,0.0,427.0,0.0,0.0,678077.0,,,4.0,1049.0,8.0,51.039650000009104,,,,,,,,,,,1.0,,,,
369600.0,1932.0,0.0,427.0,,0.0,678077.0,,,,,,,,,19.999999986229287,1050.0,,,,,,,,,,,
369600.0,1932.0,0.0,427.0,,0.0,678077.0,,,,,,,,,19.999999979416444,1049.0,,,,,,,,,,,
386400.0,2001.0,0.0,447.0,,0.0,711015.0,,,,,,,1050.0,470.36554995805557,,,861.4145699998093,,,2.0,37.0,0.0,,,,,
386400.0,2001.0,0.0,447.0,,0.0,711015.0,,,,,,,1049.0,471.12417734343603,,,875.0444199996194,,,3.0,25.0,1.0,,,,,
386400.0,2001.0,0.0,447.0,,0.0,711015.0,37.0,161.0,,,,,,,,,,68.0,1601.0,,,,,,,,6.0
386400.0,2001.0,0.0,447.0,,0.0,711015.0,13.0,161.0,,,,,,,,,,64.0,323.0,,,,,,,,5.0
386400.0,2001.0,0.0,447.0,,0.0,711015.0,25.0,161.0,,,,,,,,,,67.0,173.0,,,,,,,,7.0
386400.0,2001.0,0.0,447.0,,0.0,711015.0,1.0,161.0,,,,,,,,,,61.0,2179.0,,,,,,,,8.0
386400.0,2001.0,0.0,447.0,,0.0,711015.0,,,,,,,,,,,,,,,,,,1049.0,1214.810999999997,1.0,
386400.0,2001.0,0.0,447.0,,0.0,711015.0,,,,,,,,,,,,,,,,,,1050.0,1146.0279999999964,1.0,
386400.0,2001.0,0.0,447.0,0.0,0.0,711015.0,,,4.0,1049.0,8.0,51.039650000009104,,,,,,,,,,,1.0,,,,
386400.0,2001.0,0.0,447.0,9.245249999999787,0.0,711015.0,,,4.0,1050.0,4.0,49.936090000008804,,,,,,,,,,,0.0,,,,
386400.0,2001.0,0.0,447.0,,0.0,711015.0,,,,,,,,,19.99999999624528,1050.0,,,,,,,,,,,
386400.0,2001.0,0.0,447.0,,0.0,711015.0,,,,,,,,,19.999999995404792,1049.0,,,,,,,,,,,
403200.0,2067.0,0.0,470.0,,0.0,741369.0,,,,,,,1049.0,474.0025974120001,,,895.5035499995022,,,3.0,25.0,1.0,,,,,
403200.0,2067.0,0.0,470.0,,0.0,741369.0,,,,,,,1050.0,471.056214538597,,,863.9785299998325,,,2.0,37.0,0.0,,,,,
403200.0,2067.0,0.0,470.0,,0.0,741369.0,37.0,168.0,,,,,,,,,,68.0,1566.0,,,,,,,,6.0
403200.0,2067.0,0.0,470.0,,0.0,741369.0,25.0,168.0,,,,,,,,,,67.0,142.0,,,,,,,,7.0
403200.0,2067.0,0.0,470.0,,0.0,741369.0,1.0,168.0,,,,,,,,,,61.0,2179.0,,,,,,,,8.0
403200.0,2067.0,0.0,470.0,,0.0,741369.0,13.0,168.0,,,,,,,,,,64.0,323.0,,,,,,,,5.0
403200.0,2067.0,0.0,470.0,,0.0,741369.0,,,,,,,,,,,,,,,,,,1050.0,1206.5039999999956,1.0,
403200.0,2067.0,0.0,470.0,,0.0,741369.0,,,,,,,,,,,,,,,,,,1049.0,1280.2009999999975,1.0,
403200.0,2067.0,0.0,470.0,0.0,0.0,741369.0,,,4.0,1049.0,8.0,51.039650000009104,,,,,,,,,,,1.0,,,,
403200.0,2067.0,0.0,470.0,2.735419999999987,0.0,741369.0,,,4.0,1050.0,5.0,53.769200000009846,,,,,,,,,,,0.0,,,,
403200.0,2067.0,0.0,470.0,,0.0,741369.0,,,,,,,,,19.999999999539067,1049.0,,,,,,,,,,,
403200.0,2067.0,0.0,470.0,,0.0,741369.0,,,,,,,,,19.999999999438106,1050.0,,,,,,,,,,,
420000.0,2136.0,0.0,492.0,,0.0,776520.0,,,,,,,1050.0,471.7497740996226,,,868.0979399998175,,,2.0,37.0,0.0,,,,,
420000.0,2136.0,0.0,492.0,,0.0,776520.0,,,,,,,1049.0,474.2389355271049,,,894.8483799995479,,,3.0,25.0,1.0,,,,,
420000.0,2136.0,0.0,492.0,,0.0,776520.0,37.0,175.0,,,,,,,,,,68.0,1529.0,,,,,,,,6.0
420000.0,2136.0,0.0,492.0,,0.0,776520.0,13.0,175.0,,,,,,,,,,64.0,323.0,,,,,,,,5.0
420000.0,2136.0,0.0,492.0,,0.0,776520.0,1.0,175.0,,,,,,,,,,61.0,2179.0,,,,,,,,8.0
420000.0,2136.0,0.0,492.0,,0.0,776520.0,25.0,175.0,,,,,,,,,,67.0,110.0,,,,,,,,7.0
420000.0,2136.0,0.0,492.0,,0.0,776520.0,,,,,,,,,,,,,,,,,,1050.0,1263.8469999999945,1.0,
420000.0,2136.0,0.0,492.0,,0.0,776520.0,,,,,,,,,,,,,,,,,,1049.0,1320.7479999999962,1.0,
420000.0,2136.0,0.0,492.0,6.86789999999986,0.0,776520.0,,,4.0,1050.0,5.0,57.90168000001097,,,,,,,,,,,0.0,,,,
420000.0,2136.0,0.0,492.0,0.0,0.0,776520.0,,,4.0,1049.0,8.0,51.039650000009104,,,,,,,,,,,1.0,,,,
420000.0,2136.0,0.0,492.0,,0.0,776520.0,,,,,,,,,19.99999999990709,1050.0,,,,,,,,,,,
420000.0,2136.0,0.0,492.0,,0.0,776520.0,,,,,,,,,19.999999999771003,1049.0,,,,,,,,,,,
436800.0,2195.0,0.0,512.0,,0.0,812220.0,,,,,,,1050.0,472.02897960153217,,,867.9937799998524,,,2.0,1.0,0.0,,,,,
436800.0,2195.0,0.0,512.0,,0.0,812220.0,,,,,,,1049.0,474.6153586767356,,,894.9402499995947,,,3.0,25.0,1.0,,,,,
436800.0,2195.0,0.0,512.0,,0.0,812220.0,1.0,182.0,,,,,,,,,,61.0,2160.0,,,,,,,,8.0
436800.0,2195.0,0.0,512.0,,0.0,812220.0,25.0,182.0,,,,,,,,,,67.0,77.0,,,,,,,,7.0
436800.0,2195.0,0.0,512.0,,0.0,812220.0,37.0,182.0,,,,,,,,,,68.0,1522.0,,,,,,,,6.0
436800.0,2195.0,0.0,512.0,,0.0,812220.0,13.0,182.0,,,,,,,,,,64.0,323.0,,,,,,,,5.0
436800.0,2195.0,0.0,512.0,,0.0,812220.0,,,,,,,,,,,,,,,,,,1049.0,1361.6199999999958,1.0,
436800.0,2195.0,0.0,512.0,,0.0,812220.0,,,,,,,,,,,,,,,,,,1050.0,1322.9319999999943,1.0,
436800.0,2195.0,0.0,512.0,0.0,0.0,812220.0,,,4.0,1049.0,8.0,51.039650000009104,,,,,,,,,,,1.0,,,,
436800.0,2195.0,0.0,512.0,8.364749999999814,0.0,812220.0,,,4.0,1050.0,5.0,59.39853000001138,,,,,,,,,,,0.0,,,,
436800.0,2195.0,0.0,512.0,,0.0,812220.0,,,,,,,,,19.999999999974683,1050.0,,,,,,,,,,,
436800.0,2195.0,0.0,512.0,,0.0,812220.0,,,,,,,,,19.99999999992374,1049.0,,,,,,,,,,,
453600.0,2291.0,0.0,535.0,,0.0,859044.0,,,,,,,1049.0,474.6153586767356,,,888.9407499997366,,,3.0,25.0,1.0,,,,,
453600.0,2291.0,0.0,535.0,,0.0,859044.0,,,,,,,1050.0,473.30600568947386,,,874.0595299998679,,,2.0,37.0,0.0,,,,,
453600.0,2291.0,0.0,535.0,,0.0,859044.0,37.0,189.0,,,,,,,,,,63.0,1522.0,,,,,,,,5.0
453600.0,2291.0,0.0,535.0,,0.0,859044.0,1.0,189.0,,,,,,,,,,98.0,2118.0,,,,,,,,10.0
453600.0,2291.0,0.0,535.0,,0.0,859044.0,13.0,189.0,,,,,,,,,,91.0,323.0,,,,,,,,6.0
453600.0,2291.0,0.0,535.0,,0.0,859044.0,25.0,189.0,,,,,,,,,,71.0,23.0,,,,,,,,7.0
453600.0,2291.0,0.0,535.0,,0.0,859044.0,,,,,,,,,,,,,,,,,,1049.0,1388.2959999999912,1.0,
453600.0,2291.0,0.0,535.0,,0.0,859044.0,,,,,,,,,,,,,,,,,,1050.0,1397.3049999999944,1.0,
453600.0,2291.0,0.0,535.0,0.0,0.0,859044.0,,,4.0,1049.0,8.0,51.039650000009104,,,,,,,,,,,1.0,,,,
453600.0,2291.0,0.0,535.0,5.693899999999896,0.0,859044.0,,,4.0,1050.0,6.0,67.1821500000135,,,,,,,,,,,0.0,,,,
453600.0,2291.0,0.0,535.0,,0.0,859044.0,,,,,,,,,19.99999999999875,1050.0,,,,,,,,,,,
453600.0,2291.0,0.0,535.0,,0.0,859044.0,,,,,,,,,19.99999999992374,1049.0,,,,,,,,,,,
470400.0,2374.0,0.0,559.0,,0.0,896952.0,,,,,,,1049.0,474.9788091544662,,,889.9557999997629,,,3.0,25.0,1.0,,,,,
470400.0,2374.0,0.0,559.0,,0.0,896952.0,,,,,,,1050.0,473.7996496358609,,,876.1706999998758,,,2.0,37.0,0.0,,,,,
470400.0,2374.0,0.0,559.0,,0.0,896952.0,1.0,196.0,,,,,,,,,,98.0,2108.0,,,,,,,,10.0
470400.0,2374.0,0.0,559.0,,0.0,896952.0,25.0,196.0,,,,,,,,,,71.0,166.0,,,,,,,,7.0
470400.0,2374.0,0.0,559.0,,0.0,896952.0,37.0,196.0,,,,,,,,,,63.0,1499.0,,,,,,,,5.0
470400.0,2374.0,0.0,559.0,,0.0,896952.0,13.0,196.0,,,,,,,,,,91.0,323.0,,,,,,,,6.0
470400.0,2374.0,0.0,559.0,,0.0,896952.0,,,,,,,,,,,,,,,,,,1049.0,1450.5919999999896,1.0,
470400.0,2374.0,0.0,559.0,,0.0,896952.0,,,,,,,,,,,,,,,,,,1050.0,1454.4009999999937,1.0,
470400.0,2374.0,0.0,559.0,8.576069999999808,0.0,896952.0,,,4.0,1050.0,6.0,70.06432000001428,,,,,,,,,,,0.0,,,,
470400.0,2374.0,0.0,559.0,0.0,0.0,896952.0,,,4.0,1049.0,8.0,51.039650000009104,,,,,,,,,,,1.0,,,,
470400.0,2374.0,0.0,559.0,,0.0,896952.0,,,,,,,,,19.999999999984603,1049.0,,,,,,,,,,,
470400.0,2374.0,0.0,559.0,,0.0,896952.0,,,,,,,,,19.999999999999773,1050.0,,,,,,,,,,,
487200.0,2435.0,0.0,579.0,,0.0,929282.0,,,,,,,1049.0,476.00038462642505,,,895.5988499997678,,,3.0,25.0,1.0,,,,,
487200.0,2435.0,0.0,579.0,,0.0,929282.0,,,,,,,1050.0,474.7146544477241,,,881.1022699998678,,,2.0,37.0,0.0,,,,,
487200.0,2435.0,0.0,579.0,,0.0,929282.0,25.0,203.0,,,,,,,,,,71.0,145.0,,,,,,,,7.0
487200.0,2435.0,0.0,579.0,,0.0,929282.0,13.0,203.0,,,,,,,,,,91.0,323.0,,,,,,,,6.0
487200.0,2435.0,0.0,579.0,,0.0,929282.0,1.0,203.0,,,,,,,,,,98.0,2108.0,,,,,,,,10.0
487200.0,2435.0,0.0,579.0,,0.0,929282.0,37.0,203.0,,,,,,,,,,63.0,1459.0,,,,,,,,5.0
487200.0,2435.0,0.0,579.0,,0.0,929282.0,,,,,,,,,,,,,,,,,,1049.0,1492.1139999999898,1.0,
487200.0,2435.0,0.0,579.0,,0.0,929282.0,,,,,,,,,,,,,,,,,,1050.0,1511.7829999999924,1.0,
487200.0,2435.0,0.0,579.0,3.6922299999999577,0.0,929282.0,,,4.0,1050.0,7.0,75.70539000001581,,,,,,,,,,,0.0,,,,
487200.0,2435.0,0.0,579.0,0.0,0.0,929282.0,,,4.0,1049.0,8.0,51.039650000009104,,,,,,,,,,,1.0,,,,
487200.0,2435.0,0.0,579.0,,0.0,929282.0,,,,,,,,,19.999999999999968,1050.0,,,,,,,,,,,
487200.0,2435.0,0.0,579.0,,0.0,929282.0,,,,,,,,,19.999999999996565,1049.0,,,,,,,,,,,
504000.0,3924.0,0.0,593.0,,0.0,965098.0,,,,,,,1049.0,476.54431814247266,,,896.1457399998279,,,3.0,25.0,1.0,,,,,
504000.0,3924.0,0.0,593.0,,0.0,965098.0,,,,,,,1050.0,475.69597566902695,,,885.5949599998825,,,2.0,13.0,0.0,,,,,
504000.0,3924.0,0.0,593.0,,0.0,965098.0,25.0,210.0,,,,,,,,,,71.0,127.0,,,,,,,,7.0
504000.0,3924.0,0.0,593.0,,0.0,965098.0,13.0,210.0,,,,,,,,,,91.0,323.0,,,,,,,,6.0
504000.0,3924.0,0.0,593.0,,0.0,965098.0,1.0,210.0,,,,,,,,,,98.0,2108.0,,,,,,,,10.0
504000.0,3924.0,0.0,593.0,,0.0,965098.0,37.0,210.0,,,,,,,,,,63.0,2305.0,,,,,,,,5.0
504000.0,3924.0,0.0,593.0,,0.0,965098.0,,,,,,,,,,,,,,,,,,1050.0,1557.2309999998763,1.0,
504000.0,3924.0,0.0,593.0,,0.0,965098.0,,,,,,,,,,,,,,,,,,1049.0,1535.29999999999,1.0,
504000.0,3924.0,0.0,593.0,9.937909999999766,0.0,965098.0,,,4.0,1050.0,7.0,81.95107000001751,,,,,,,,,,,0.0,,,,
504000.0,3924.0,0.0,593.0,0.0,0.0,965098.0,,,4.0,1049.0,8.0,51.039650000009104,,,,,,,,,,,1.0,,,,
504000.0,3924.0,0.0,593.0,,0.0,965098.0,,,,,,,,,19.999999999998458,1049.0,,,,,,,,,,,
504000.0,3924.0,0.0,593.0,,0.0,965098.0,,,,,,,,,19.999999999999968,1050.0,,,,,,,,,,,
520800.0,4342.0,4.0,618.0,,1.0,1002413.0,,,,,,,1049.0,478.5980724631782,,,910.2302699997705,,,1.0,25.0,1.0,,,,,
520800.0,4342.0,4.0,618.0,,1.0,1002413.0,,,,,,,1050.0,476.6617562069522,,,891.7616599998598,,,1.0,25.0,0.0,,,,,
520800.0,4342.0,4.0,618.0,,1.0,1002413.0,37.0,217.0,,,,,,,,,,85.0,2305.0,,,,,,,,6.0
520800.0,4342.0,4.0,618.0,,1.0,1002413.0,13.0,217.0,,,,,,,,,,70.0,713.0,,,,,,,,5.0
520800.0,4342.0,4.0,618.0,,1.0,1002413.0,1.0,217.0,,,,,,,,,,99.0,2108.0,,,,,,,,15.0
520800.0,4342.0,4.0,618.0,,1.0,1002413.0,25.0,217.0,,,,,,,,,,72.0,44.0,,,,,,,,7.0
520800.0,4342.0,4.0,618.0,,1.0,1002413.0,,,,,,,,,,,,,,,,,,1049.0,1597.2059999999913,1.0,
520800.0,4342.0,4.0,618.0,,1.0,1002413.0,,,,,,,,,,,,,,,,,,1050.0,1619.5269999998518,1.0,
520800.0,4342.0,4.0,618.0,0.0,1.0,1002413.0,,,0.0,1049.0,0.0,51.039650000009104,,,,,,,,,,,1.0,,,,
520800.0,4342.0,4.0,618.0,0.0,1.0,1002413.0,,,0.0,1050.0,0.0,82.6437300000177,,,,,,,,,,,0.0,,,,
520800.0,4342.0,4.0,618.0,,1.0,1002413.0,,,,,,,,,19.999999999999968,1050.0,,,,,,,,,,,
520800.0,4342.0,4.0,618.0,,1.0,1002413.0,,,,,,,,,19.999999999999375,1049.0,,,,,,,,,,,
537600.0,4437.0,4.0,641.0,,1.0,1052722.0,,,,,,,1050.0,476.818450358992,,,888.4065599999607,,,1.0,37.0,0.0,,,,,
537600.0,4437.0,4.0,641.0,,1.0,1052722.0,,,,,,,1049.0,478.9541792565793,,,909.4588899998402,,,1.0,1.0,1.0,,,,,
537600.0,4437.0,4.0,641.0,,1.0,1052722.0,1.0,224.0,,,,,,,,,,99.0,2080.0,,,,,,,,15.0
537600.0,4437.0,4.0,641.0,,1.0,1052722.0,37.0,224.0,,,,,,,,,,85.0,2284.0,,,,,,,,6.0
537600.0,4437.0,4.0,641.0,,1.0,1052722.0,25.0,224.0,,,,,,,,,,72.0,16.0,,,,,,,,7.0
537600.0,4437.0,4.0,641.0,,1.0,1052722.0,13.0,224.0,,,,,,,,,,70.0,695.0,,,,,,,,5.0
537600.0,4437.0,4.0,641.0,,1.0,1052722.0,,,,,,,,,,,,,,,,,,1049.0,1650.1159999999923,1.0,
537600.0,4437.0,4.0,641.0,,1.0,1052722.0,,,,,,,,,,,,,,,,,,1050.0,1669.849999999853,1.0,
537600.0,4437.0,4.0,641.0,0.0,1.0,1052722.0,,,0.0,1050.0,0.0,82.6437300000177,,,,,,,,,,,0.0,,,,
537600.0,4437.0,4.0,641.0,0.0,1.0,1052722.0,,,0.0,1049.0,0.0,51.039650000009104,,,,,,,,,,,1.0,,,,
537600.0,4437.0,4.0,641.0,,1.0,1052722.0,,,,,,,,,19.999999999999837,1049.0,,,,,,,,,,,
537600.0,4437.0,4.0,641.0,,1.0,1052722.0,,,,,,,,,19.999999999999968,1050.0,,,,,,,,,,,
554400.0,4497.0,4.0,657.0,,1.0,1110786.0,,,,,,,1050.0,478.3532384302385,,,897.925789999934,,,1.0,37.0,0.0,,,,,
554400.0,4497.0,4.0,657.0,,1.0,1110786.0,,,,,,,1049.0,478.9541792565793,,,898.3118900001037,,,1.0,1.0,1.0,,,,,
554400.0,4497.0,4.0,657.0,,1.0,1110786.0,1.0,231.0,,,,,,,,,,99.0,2051.0,,,,,,,,15.0
554400.0,4497.0,4.0,657.0,,1.0,1110786.0,37.0,231.0,,,,,,,,,,85.0,2253.0,,,,,,,,6.0
554400.0,4497.0,4.0,657.0,,1.0,1110786.0,25.0,231.0,,,,,,,,,,72.0,16.0,,,,,,,,7.0
554400.0,4497.0,4.0,657.0,,1.0,1110786.0,13.0,231.0,,,,,,,,,,70.0,695.0,,,,,,,,5.0
554400.0,4497.0,4.0,657.0,,1.0,1110786.0,,,,,,,,,,,,,,,,,,1049.0,1681.6539999999927,1.0,
554400.0,4497.0,4.0,657.0,,1.0,1110786.0,,,,,,,,,,,,,,,,,,1050.0,1720.263999999854,1.0,
554400.0,4497.0,4.0,657.0,0.0,1.0,1110786.0,,,0.0,1050.0,0.0,82.6437300000177,,,,,,,,,,,0.0,,,,
554400.0,4497.0,4.0,657.0,0.0,1.0,1110786.0,,,0.0,1049.0,0.0,51.039650000009104,,,,,,,,,,,1.0,,,,
554400.0,4497.0,4.0,657.0,,1.0,1110786.0,,,,,,,,,19.999999999999922,1049.0,,,,,,,,,,,
554400.0,4497.0,4.0,657.0,,1.0,1110786.0,,,,,,,,,19.999999999999968,1050.0,,,,,,,,,,,
571200.0,4563.0,4.0,677.0,,1.0,1159496.0,,,,,,,1049.0,479.36745741114777,,,897.425510000181,,,1.0,37.0,1.0,,,,,
571200.0,4563.0,4.0,677.0,,1.0,1159496.0,,,,,,,1050.0,478.6788022104975,,,896.1012400000196,,,1.0,37.0,0.0,,,,,
571200.0,4563.0,4.0,677.0,,1.0,1159496.0,13.0,238.0,,,,,,,,,,70.0,695.0,,,,,,,,5.0
571200.0,4563.0,4.0,677.0,,1.0,1159496.0,37.0,238.0,,,,,,,,,,85.0,2204.0,,,,,,,,6.0
571200.0,4563.0,4.0,677.0,,1.0,1159496.0,1.0,238.0,,,,,,,,,,99.0,2034.0,,,,,,,,15.0
571200.0,4563.0,4.0,677.0,,1.0,1159496.0,25.0,238.0,,,,,,,,,,72.0,16.0,,,,,,,,7.0
571200.0,4563.0,4.0,677.0,,1.0,1159496.0,,,,,,,,,,,,,,,,,,1050.0,1759.1209999998541,1.0,
571200.0,4563.0,4.0,677.0,,1.0,1159496.0,,,,,,,,,,,,,,,,,,1049.0,1740.4399999999935,1.0,
571200.0,4563.0,4.0,677.0,0.0,1.0,1159496.0,,,0.0,1049.0,0.0,51.039650000009104,,,,,,,,,,,1.0,,,,
571200.0,4563.0,4.0,677.0,0.0,1.0,1159496.0,,,0.0,1050.0,0.0,82.6437300000177,,,,,,,,,,,0.0,,,,
571200.0,4563.0,4.0,677.0,,1.0,1159496.0,,,,,,,,,19.999999999999968,1050.0,,,,,,,,,,,
571200.0,4563.0,4.0,677.0,,1.0,1159496.0,,,,,,,,,19.999999999999968,1049.0,,,,,,,,,,,
588000.0,4677.0,4.0,706.0,,1.0,1196419.0,,,,,,,1049.0,481.7837205925563,,,916.4826000000488,,,1.0,37.0,1.0,,,,,
588000.0,4677.0,4.0,706.0,,1.0,1196419.0,,,,,,,1050.0,481.23679707325715,,,915.7283599998954,,,1.0,37.0,0.0,,,,,
588000.0,4677.0,4.0,706.0,,1.0,1196419.0,1.0,245.0,,,,,,,,,,67.0,2034.0,,,,,,,,18.0
588000.0,4677.0,4.0,706.0,,1.0,1196419.0,37.0,245.0,,,,,,,,,,91.0,2090.0,,,,,,,,7.0
588000.0,4677.0,4.0,706.0,,1.0,1196419.0,25.0,245.0,,,,,,,,,,72.0,16.0,,,,,,,,7.0
588000.0,4677.0,4.0,706.0,,1.0,1196419.0,13.0,245.0,,,,,,,,,,93.0,695.0,,,,,,,,5.0
588000.0,4677.0,4.0,706.0,,1.0,1196419.0,,,,,,,,,,,,,,,,,,1050.0,1839.0059999998562,1.0,
588000.0,4677.0,4.0,706.0,,1.0,1196419.0,,,,,,,,,,,,,,,,,,1049.0,1811.666999999994,1.0,
588000.0,4677.0,4.0,706.0,0.0,1.0,1196419.0,,,0.0,1049.0,0.0,51.039650000009104,,,,,,,,,,,1.0,,,,
588000.0,4677.0,4.0,706.0,0.0,1.0,1196419.0,,,0.0,1050.0,0.0,82.6437300000177,,,,,,,,,,,0.0,,,,
588000.0,4677.0,4.0,706.0,,1.0,1196419.0,,,,,,,,,19.999999999999968,1050.0,,,,,,,,,,,
588000.0,4677.0,4.0,706.0,,1.0,1196419.0,,,,,,,,,19.999999999999968,1049.0,,,,,,,,,,,
604800.0,4796.0,4.0,727.0,,1.0,1249384.0,,,,,,,1050.0,481.7939810475683,,,914.8573699999915,,,1.0,37.0,0.0,,,,,
604800.0,4796.0,4.0,727.0,,1.0,1249384.0,,,,,,,1049.0,482.0204177462283,,,914.7909100001194,,,1.0,37.0,1.0,,,,,
604800.0,4796.0,4.0,727.0,,1.0,1249384.0,25.0,252.0,,,,,,,,,,72.0,16.0,,,,,,,,7.0
604800.0,4796.0,4.0,727.0,,1.0,1249384.0,1.0,252.0,,,,,,,,,,67.0,2034.0,,,,,,,,18.0
604800.0,4796.0,4.0,727.0,,1.0,1249384.0,37.0,252.0,,,,,,,,,,91.0,1971.0,,,,,,,,7.0
604800.0,4796.0,4.0,727.0,,1.0,1249384.0,13.0,252.0,,,,,,,,,,93.0,695.0,,,,,,,,5.0
604800.0,4796.0,4.0,727.0,,1.0,1249384.0,,,,,,,,,,,,,,,,,,1049.0,1860.9759999999949,1.0,
604800.0,4796.0,4.0,727.0,,1.0,1249384.0,,,,,,,,,,,,,,,,,,1050.0,1879.4619999998554,1.0,
604800.0,4796.0,4.0,727.0,0.0,1.0,1249384.0,,,0.0,1049.0,0.0,51.039650000009104,,,,,,,,,,,1.0,,,,
604800.0,4796.0,4.0,727.0,0.0,1.0,1249384.0,,,0.0,1050.0,0.0,82.6437300000177,,,,,,,,,,,0.0,,,,
604800.0,4796.0,4.0,727.0,,1.0,1249384.0,,,,,,,,,19.999999999999968,1049.0,,,,,,,,,,,
604800.0,4796.0,4.0,727.0,,1.0,1249384.0,,,,,,,,,19.999999999999968,1050.0,,,,,,,,,,,
621600.0,4943.0,4.0,750.0,,1.0,1304482.0,,,,,,,1049.0,482.23841983268807,,,910.981580000238,,,1.0,37.0,1.0,,,,,
621600.0,4943.0,4.0,750.0,,1.0,1304482.0,,,,,,,1050.0,481.7939810475683,,,908.8233700001342,,,1.0,37.0,0.0,,,,,
621600.0,4943.0,4.0,750.0,,1.0,1304482.0,25.0,259.0,,,,,,,,,,72.0,16.0,,,,,,,,7.0
621600.0,4943.0,4.0,750.0,,1.0,1304482.0,13.0,259.0,,,,,,,,,,93.0,695.0,,,,,,,,5.0
621600.0,4943.0,4.0,750.0,,1.0,1304482.0,1.0,259.0,,,,,,,,,,67.0,2034.0,,,,,,,,18.0
621600.0,4943.0,4.0,750.0,,1.0,1304482.0,37.0,259.0,,,,,,,,,,91.0,1824.0,,,,,,,,7.0
621600.0,4943.0,4.0,750.0,,1.0,1304482.0,,,,,,,,,,,,,,,,,,1050.0,1921.035999999855,1.0,
621600.0,4943.0,4.0,750.0,,1.0,1304482.0,,,,,,,,,,,,,,,,,,1049.0,1902.8489999999927,1.0,
621600.0,4943.0,4.0,750.0,0.0,1.0,1304482.0,,,0.0,1050.0,0.0,82.6437300000177,,,,,,,,,,,0.0,,,,
621600.0,4943.0,4.0,750.0,0.0,1.0,1304482.0,,,0.0,1049.0,0.0,51.039650000009104,,,,,,,,,,,1.0,,,,
621600.0,4943.0,4.0,750.0,,1.0,1304482.0,,,,,,,,,19.999999999999968,1050.0,,,,,,,,,,,
621600.0,4943.0,4.0,750.0,,1.0,1304482.0,,,,,,,,,19.999999999999968,1049.0,,,,,,,,,,,
638400.0,5034.0,4.0,768.0,,1.0,1360364.0,,,,,,,1050.0,482.06511791574275,,,907.1404200002097,,,1.0,37.0,0.0,,,,,
638400.0,5034.0,4.0,768.0,,1.0,1360364.0,,,,,,,1049.0,482.23841983268807,,,902.4680800004393,,,1.0,37.0,1.0,,,,,
638400.0,5034.0,4.0,768.0,,1.0,1360364.0,13.0,266.0,,,,,,,,,,93.0,695.0,,,,,,,,5.0
638400.0,5034.0,4.0,768.0,,1.0,1360364.0,1.0,266.0,,,,,,,,,,67.0,2034.0,,,,,,,,18.0
638400.0,5034.0,4.0,768.0,,1.0,1360364.0,25.0,266.0,,,,,,,,,,72.0,16.0,,,,,,,,7.0
638400.0,5034.0,4.0,768.0,,1.0,1360364.0,37.0,266.0,,,,,,,,,,91.0,1733.0,,,,,,,,7.0
638400.0,5034.0,4.0,768.0,,1.0,1360364.0,,,,,,,,,,,,,,,,,,1050.0,1968.5639999998555,1.0,
638400.0,5034.0,4.0,768.0,,1.0,1360364.0,,,,,,,,,,,,,,,,,,1049.0,1922.0629999999926,1.0,
638400.0,5034.0,4.0,768.0,0.0,1.0,1360364.0,,,0.0,1049.0,0.0,51.039650000009104,,,,,,,,,,,1.0,,,,
638400.0,5034.0,4.0,768.0,0.0,1.0,1360364.0,,,0.0,1050.0,0.0,82.6437300000177,,,,,,,,,,,0.0,,,,
638400.0,5034.0,4.0,768.0,,1.0,1360364.0,,,,,,,,,19.999999999999968,1049.0,,,,,,,,,,,
638400.0,5034.0,4.0,768.0,,1.0,1360364.0,,,,,,,,,19.999999999999968,1050.0,,,,,,,,,,,
655200.0,5170.0,4.0,796.0,,1.0,1412842.0,,,,,,,1049.0,482.57297100175197,,,901.5329100005063,,,1.0,37.0,1.0,,,,,
655200.0,5170.0,4.0,796.0,,1.0,1412842.0,,,,,,,1050.0,482.06511791574275,,,902.1299200003282,,,1.0,37.0,0.0,,,,,
655200.0,5170.0,4.0,796.0,,1.0,1412842.0,1.0,273.0,,,,,,,,,,67.0,2034.0,,,,,,,,18.0
655200.0,5170.0,4.0,796.0,,1.0,1412842.0,13.0,273.0,,,,,,,,,,93.0,695.0,,,,,,,,5.0
655200.0,5170.0,4.0,796.0,,1.0,1412842.0,25.0,273.0,,,,,,,,,,72.0,16.0,,,,,,,,7.0
655200.0,5170.0,4.0,796.0,,1.0,1412842.0,37.0,273.0,,,,,,,,,,91.0,1597.0,,,,,,,,7.0
655200.0,5170.0,4.0,796.0,,1.0,1412842.0,,,,,,,,,,,,,,,,,,1050.0,2010.8919999998557,1.0,
655200.0,5170.0,4.0,796.0,,1.0,1412842.0,,,,,,,,,,,,,,,,,,1049.0,1980.588999999994,1.0,
655200.0,5170.0,4.0,796.0,0.0,1.0,1412842.0,,,0.0,1050.0,0.0,82.6437300000177,,,,,,,,,,,0.0,,,,
655200.0,5170.0,4.0,796.0,0.0,1.0,1412842.0,,,0.0,1049.0,0.0,51.039650000009104,,,,,,,,,,,1.0,,,,
655200.0,5170.0,4.0,796.0,,1.0,1412842.0,,,,,,,,,19.999999999999968,1049.0,,,,,,,,,,,
655200.0,5170.0,4.0,796.0,,1.0,1412842.0,,,,,,,,,19.999999999999968,1050.0,,,,,,,,,,,
672000.0,6788.0,4.0,816.0,,1.0,1465358.0,,,,,,,1049.0,482.90735766399916,,,899.7151600006152,,,1.0,37.0,1.0,,,,,
672000.0,6788.0,4.0,816.0,,1.0,1465358.0,,,,,,,1050.0,483.0651846128236,,,904.8879300003923,,,1.0,37.0,0.0,,,,,
672000.0,6788.0,4.0,816.0,,1.0,1465358.0,13.0,280.0,,,,,,,,,,88.0,695.0,,,,,,,,6.0
672000.0,6788.0,4.0,816.0,,1.0,1465358.0,25.0,280.0,,,,,,,,,,89.0,16.0,,,,,,,,7.0
672000.0,6788.0,4.0,816.0,,1.0,1465358.0,37.0,280.0,,,,,,,,,,88.0,2296.0,,,,,,,,8.0
672000.0,6788.0,4.0,816.0,,1.0,1465358.0,1.0,280.0,,,,,,,,,,95.0,2034.0,,,,,,,,11.0
672000.0,6788.0,4.0,816.0,,1.0,1465358.0,,,,,,,,,,,,,,,,,,1050.0,2066.9999999997326,1.0,
672000.0,6788.0,4.0,816.0,,1.0,1465358.0,,,,,,,,,,,,,,,,,,1049.0,2028.337999999995,1.0,
672000.0,6788.0,4.0,816.0,0.0,1.0,1465358.0,,,0.0,1050.0,0.0,82.6437300000177,,,,,,,,,,,0.0,,,,
672000.0,6788.0,4.0,816.0,0.0,1.0,1465358.0,,,0.0,1049.0,0.0,51.039650000009104,,,,,,,,,,,1.0,,,,
672000.0,6788.0,4.0,816.0,,1.0,1465358.0,,,,,,,,,19.999999999999968,1050.0,,,,,,,,,,,
672000.0,6788.0,4.0,816.0,,1.0,1465358.0,,,,,,,,,19.999999999999968,1049.0,,,,,,,,,,,
688800.0,6851.0,4.0,839.0,,1.0,1514427.0,,,,,,,1049.0,483.9608493016199,,,907.9520000005898,,,1.0,37.0,1.0,,,,,
688800.0,6851.0,4.0,839.0,,1.0,1514427.0,,,,,,,1050.0,483.6603585631114,,,907.9940500003996,,,1.0,37.0,0.0,,,,,
688800.0,6851.0,4.0,839.0,,1.0,1514427.0,37.0,287.0,,,,,,,,,,88.0,2233.0,,,,,,,,8.0
688800.0,6851.0,4.0,839.0,,1.0,1514427.0,13.0,287.0,,,,,,,,,,88.0,695.0,,,,,,,,6.0
688800.0,6851.0,4.0,839.0,,1.0,1514427.0,25.0,287.0,,,,,,,,,,89.0,16.0,,,,,,,,7.0
688800.0,6851.0,4.0,839.0,,1.0,1514427.0,1.0,287.0,,,,,,,,,,95.0,2034.0,,,,,,,,11.0
688800.0,6851.0,4.0,839.0,,1.0,1514427.0,,,,,,,,,,,,,,,,,,1049.0,2100.578999999995,1.0,
688800.0,6851.0,4.0,839.0,,1.0,1514427.0,,,,,,,,,,,,,,,,,,1050.0,2137.4729999997326,1.0,
688800.0,6851.0,4.0,839.0,0.0,1.0,1514427.0,,,0.0,1049.0,0.0,51.039650000009104,,,,,,,,,,,1.0,,,,
688800.0,6851.0,4.0,839.0,0.0,1.0,1514427.0,,,0.0,1050.0,0.0,82.6437300000177,,,,,,,,,,,0.0,,,,
688800.0,6851.0,4.0,839.0,,1.0,1514427.0,,,,,,,,,19.999999999999968,1050.0,,,,,,,,,,,
688800.0,6851.0,4.0,839.0,,1.0,1514427.0,,,,,,,,,19.999999999999968,1049.0,,,,,,,,,,,
705600.0,6925.0,4.0,861.0,,1.0,1564154.0,,,,,,,1049.0,484.0909836211314,,,905.9788400006787,,,1.0,37.0,1.0,,,,,
705600.0,6925.0,4.0,861.0,,1.0,1564154.0,,,,,,,1050.0,485.9591049369519,,,923.4295400003452,,,1.0,37.0,0.0,,,,,
705600.0,6925.0,4.0,861.0,,1.0,1564154.0,37.0,294.0,,,,,,,,,,88.0,2159.0,,,,,,,,8.0
705600.0,6925.0,4.0,861.0,,1.0,1564154.0,25.0,294.0,,,,,,,,,,89.0,16.0,,,,,,,,7.0
705600.0,6925.0,4.0,861.0,,1.0,1564154.0,13.0,294.0,,,,,,,,,,88.0,695.0,,,,,,,,6.0
705600.0,6925.0,4.0,861.0,,1.0,1564154.0,1.0,294.0,,,,,,,,,,95.0,2034.0,,,,,,,,11.0
705600.0,6925.0,4.0,861.0,,1.0,1564154.0,,,,,,,,,,,,,,,,,,1050.0,2212.3789999997325,1.0,
705600.0,6925.0,4.0,861.0,,1.0,1564154.0,,,,,,,,,,,,,,,,,,1049.0,2150.3169999999964,1.0,
705600.0,6925.0,4.0,861.0,0.0,1.0,1564154.0,,,0.0,1050.0,0.0,82.6437300000177,,,,,,,,,,,0.0,,,,
705600.0,6925.0,4.0,861.0,0.0,1.0,1564154.0,,,0.0,1049.0,0.0,51.039650000009104,,,,,,,,,,,1.0,,,,
705600.0,6925.0,4.0,861.0,,1.0,1564154.0,,,,,,,,,19.999999999999968,1050.0,,,,,,,,,,,
705600.0,6925.0,4.0,861.0,,1.0,1564154.0,,,,,,,,,19.999999999999968,1049.0,,,,,,,,,,,
722400.0,6977.0,4.0,878.0,,1.0,1617049.0,,,,,,,1050.0,487.83160855641705,,,933.6246300003542,,,1.0,37.0,0.0,,,,,
722400.0,6977.0,4.0,878.0,,1.0,1617049.0,,,,,,,1049.0,484.0909836211314,,,898.4590400008624,,,1.0,37.0,1.0,,,,,
722400.0,6977.0,4.0,878.0,,1.0,1617049.0,37.0,301.0,,,,,,,,,,88.0,2107.0,,,,,,,,8.0
722400.0,6977.0,4.0,878.0,,1.0,1617049.0,13.0,301.0,,,,,,,,,,88.0,695.0,,,,,,,,6.0
722400.0,6977.0,4.0,878.0,,1.0,1617049.0,1.0,301.0,,,,,,,,,,95.0,2034.0,,,,,,,,11.0
722400.0,6977.0,4.0,878.0,,1.0,1617049.0,25.0,301.0,,,,,,,,,,89.0,16.0,,,,,,,,7.0
722400.0,6977.0,4.0,878.0,,1.0,1617049.0,,,,,,,,,,,,,,,,,,1050.0,2283.0209999997332,1.0,
722400.0,6977.0,4.0,878.0,,1.0,1617049.0,,,,,,,,,,,,,,,,,,1049.0,2181.750999999997,1.0,
722400.0,6977.0,4.0,878.0,0.0,1.0,1617049.0,,,0.0,1049.0,0.0,51.039650000009104,,,,,,,,,,,1.0,,,,
722400.0,6977.0,4.0,878.0,0.0,1.0,1617049.0,,,0.0,1050.0,0.0,82.6437300000177,,,,,,,,,,,0.0,,,,
722400.0,6977.0,4.0,878.0,,1.0,1617049.0,,,,,,,,,19.999999999999968,1049.0,,,,,,,,,,,
722400.0,6977.0,4.0,878.0,,1.0,1617049.0,,,,,,,,,19.999999999999968,1050.0,,,,,,,,,,,
739200.0,7089.0,4.0,906.0,,1.0,1659653.0,,,,,,,1050.0,489.5377272666177,,,945.5440600003108,,,1.0,37.0,0.0,,,,,
739200.0,7089.0,4.0,906.0,,1.0,1659653.0,,,,,,,1049.0,484.0909836211314,,,901.4975300008763,,,1.0,37.0,1.0,,,,,
739200.0,7089.0,4.0,906.0,,1.0,1659653.0,37.0,308.0,,,,,,,,,,64.0,1995.0,,,,,,,,9.0
739200.0,7089.0,4.0,906.0,,1.0,1659653.0,1.0,308.0,,,,,,,,,,76.0,2034.0,,,,,,,,10.0
739200.0,7089.0,4.0,906.0,,1.0,1659653.0,13.0,308.0,,,,,,,,,,77.0,695.0,,,,,,,,5.0
739200.0,7089.0,4.0,906.0,,1.0,1659653.0,25.0,308.0,,,,,,,,,,77.0,16.0,,,,,,,,7.0
739200.0,7089.0,4.0,906.0,,1.0,1659653.0,,,,,,,,,,,,,,,,,,1050.0,2352.1159999997285,1.0,
739200.0,7089.0,4.0,906.0,,1.0,1659653.0,,,,,,,,,,,,,,,,,,1049.0,2247.8169999999946,1.0,
739200.0,7089.0,4.0,906.0,0.0,1.0,1659653.0,,,0.0,1049.0,0.0,51.039650000009104,,,,,,,,,,,1.0,,,,
739200.0,7089.0,4.0,906.0,0.0,1.0,1659653.0,,,0.0,1050.0,0.0,82.6437300000177,,,,,,,,,,,0.0,,,,
739200.0,7089.0,4.0,906.0,,1.0,1659653.0,,,,,,,,,19.999999999999968,1050.0,,,,,,,,,,,
739200.0,7089.0,4.0,906.0,,1.0,1659653.0,,,,,,,,,19.999999999999968,1049.0,,,,,,,,,,,
756000.0,7179.0,4.0,929.0,,1.0,1697641.0,,,,,,,1050.0,490.0993734102148,,,948.0167700003288,,,1.0,37.0,0.0,,,,,
756000.0,7179.0,4.0,929.0,,1.0,1697641.0,,,,,,,1049.0,484.0909836211314,,,903.7145500009017,,,1.0,37.0,1.0,,,,,
756000.0,7179.0,4.0,929.0,,1.0,1697641.0,37.0,315.0,,,,,,,,,,64.0,1905.0,,,,,,,,9.0
756000.0,7179.0,4.0,929.0,,1.0,1697641.0,13.0,315.0,,,,,,,,,,77.0,695.0,,,,,,,,5.0
756000.0,7179.0,4.0,929.0,,1.0,1697641.0,25.0,315.0,,,,,,,,,,77.0,16.0,,,,,,,,7.0
756000.0,7179.0,4.0,929.0,,1.0,1697641.0,1.0,315.0,,,,,,,,,,76.0,2034.0,,,,,,,,10.0
756000.0,7179.0,4.0,929.0,,1.0,1697641.0,,,,,,,,,,,,,,,,,,1049.0,2309.761999999994,1.0,
756000.0,7179.0,4.0,929.0,,1.0,1697641.0,,,,,,,,,,,,,,,,,,1050.0,2422.016999999728,1.0,
756000.0,7179.0,4.0,929.0,0.0,1.0,1697641.0,,,0.0,1050.0,0.0,82.6437300000177,,,,,,,,,,,0.0,,,,
756000.0,7179.0,4.0,929.0,0.0,1.0,1697641.0,,,0.0,1049.0,0.0,51.039650000009104,,,,,,,,,,,1.0,,,,
756000.0,7179.0,4.0,929.0,,1.0,1697641.0,,,,,,,,,19.999999999999968,1049.0,,,,,,,,,,,
756000.0,7179.0,4.0,929.0,,1.0,1697641.0,,,,,,,,,19.999999999999968,1050.0,,,,,,,,,,,
772800.0,7253.0,4.0,947.0,,1.0,1739705.0,,,,,,,1050.0,490.3137027759887,,,945.7767100004123,,,1.0,37.0,0.0,,,,,
772800.0,7253.0,4.0,947.0,,1.0,1739705.0,,,,,,,1049.0,484.0909836211314,,,898.6169900010283,,,1.0,37.0,1.0,,,,,
772800.0,7253.0,4.0,947.0,,1.0,1739705.0,37.0,322.0,,,,,,,,,,64.0,1831.0,,,,,,,,9.0
772800.0,7253.0,4.0,947.0,,1.0,1739705.0,1.0,322.0,,,,,,,,,,76.0,2034.0,,,,,,,,10.0
772800.0,7253.0,4.0,947.0,,1.0,1739705.0,25.0,322.0,,,,,,,,,,77.0,16.0,,,,,,,,7.0
772800.0,7253.0,4.0,947.0,,1.0,1739705.0,13.0,322.0,,,,,,,,,,77.0,695.0,,,,,,,,5.0
772800.0,7253.0,4.0,947.0,,1.0,1739705.0,,,,,,,,,,,,,,,,,,1049.0,2343.626999999993,1.0,
772800.0,7253.0,4.0,947.0,,1.0,1739705.0,,,,,,,,,,,,,,,,,,1050.0,2472.690999999725,1.0,
772800.0,7253.0,4.0,947.0,0.0,1.0,1739705.0,,,0.0,1050.0,0.0,82.6437300000177,,,,,,,,,,,0.0,,,,
772800.0,7253.0,4.0,947.0,0.0,1.0,1739705.0,,,0.0,1049.0,0.0,51.039650000009104,,,,,,,,,,,1.0,,,,
772800.0,7253.0,4.0,947.0,,1.0,1739705.0,,,,,,,,,19.999999999999968,1050.0,,,,,,,,,,,
772800.0,7253.0,4.0,947.0,,1.0,1739705.0,,,,,,,,,19.999999999999968,1049.0,,,,,,,,,,,
789600.0,7342.0,4.0,966.0,,1.0,1782553.0,,,,,,,1050.0,490.3137027759887,,,940.3082100005416,,,1.0,37.0,0.0,,,,,
789600.0,7342.0,4.0,966.0,,1.0,1782553.0,,,,,,,1049.0,484.0909836211314,,,893.5354900011484,,,1.0,37.0,1.0,,,,,
789600.0,7342.0,4.0,966.0,,1.0,1782553.0,1.0,329.0,,,,,,,,,,76.0,2034.0,,,,,,,,10.0
789600.0,7342.0,4.0,966.0,,1.0,1782553.0,25.0,329.0,,,,,,,,,,77.0,16.0,,,,,,,,7.0
789600.0,7342.0,4.0,966.0,,1.0,1782553.0,13.0,329.0,,,,,,,,,,77.0,695.0,,,,,,,,5.0
789600.0,7342.0,4.0,966.0,,1.0,1782553.0,37.0,329.0,,,,,,,,,,64.0,1742.0,,,,,,,,9.0
789600.0,7342.0,4.0,966.0,,1.0,1782553.0,,,,,,,,,,,,,,,,,,1050.0,2508.1289999997225,1.0,
789600.0,7342.0,4.0,966.0,,1.0,1782553.0,,,,,,,,,,,,,,,,,,1049.0,2381.9899999999893,1.0,
789600.0,7342.0,4.0,966.0,0.0,1.0,1782553.0,,,0.0,1050.0,0.0,82.6437300000177,,,,,,,,,,,0.0,,,,
789600.0,7342.0,4.0,966.0,0.0,1.0,1782553.0,,,0.0,1049.0,0.0,51.039650000009104,,,,,,,,,,,1.0,,,,
789600.0,7342.0,4.0,966.0,,1.0,1782553.0,,,,,,,,,19.999999999999968,1049.0,,,,,,,,,,,
789600.0,7342.0,4.0,966.0,,1.0,1782553.0,,,,,,,,,19.999999999999968,1050.0,,,,,,,,,,,
806400.0,7460.0,4.0,989.0,,1.0,1825010.0,,,,,,,1049.0,484.0909836211314,,,888.4330500012777,,,1.0,37.0,1.0,,,,,
806400.0,7460.0,4.0,989.0,,1.0,1825010.0,,,,,,,1050.0,490.3137027759887,,,937.8322500006287,,,1.0,37.0,0.0,,,,,
806400.0,7460.0,4.0,989.0,,1.0,1825010.0,37.0,336.0,,,,,,,,,,71.0,1624.0,,,,,,,,9.0
806400.0,7460.0,4.0,989.0,,1.0,1825010.0,25.0,336.0,,,,,,,,,,84.0,16.0,,,,,,,,7.0
806400.0,7460.0,4.0,989.0,,1.0,1825010.0,13.0,336.0,,,,,,,,,,84.0,695.0,,,,,,,,7.0
806400.0,7460.0,4.0,989.0,,1.0,1825010.0,1.0,336.0,,,,,,,,,,80.0,2034.0,,,,,,,,8.0
806400.0,7460.0,4.0,989.0,,1.0,1825010.0,,,,,,,,,,,,,,,,,,1049.0,2417.869999999988,1.0,
806400.0,7460.0,4.0,989.0,,1.0,1825010.0,,,,,,,,,,,,,,,,,,1050.0,2559.6869999997202,1.0,
806400.0,7460.0,4.0,989.0,0.0,1.0,1825010.0,,,0.0,1049.0,0.0,51.039650000009104,,,,,,,,,,,1.0,,,,
806400.0,7460.0,4.0,989.0,0.0,1.0,1825010.0,,,0.0,1050.0,0.0,82.6437300000177,,,,,,,,,,,0.0,,,,
806400.0,7460.0,4.0,989.0,,1.0,1825010.0,,,,,,,,,19.999999999999968,1049.0,,,,,,,,,,,
806400.0,7460.0,4.0,989.0,,1.0,1825010.0,,,,,,,,,19.999999999999968,1050.0,,,,,,,,,,,
823200.0,9093.0,4.0,1018.0,,1.0,1867976.0,,,,,,,1050.0,490.51144735219475,,,944.7126000006278,,,1.0,37.0,0.0,,,,,
823200.0,9093.0,4.0,1018.0,,1.0,1867976.0,,,,,,,1049.0,484.0909836211314,,,888.3484500013208,,,1.0,37.0,1.0,,,,,
823200.0,9093.0,4.0,1018.0,,1.0,1867976.0,37.0,343.0,,,,,,,,,,71.0,2308.0,,,,,,,,9.0
823200.0,9093.0,4.0,1018.0,,1.0,1867976.0,1.0,343.0,,,,,,,,,,80.0,2034.0,,,,,,,,8.0
823200.0,9093.0,4.0,1018.0,,1.0,1867976.0,25.0,343.0,,,,,,,,,,84.0,16.0,,,,,,,,7.0
823200.0,9093.0,4.0,1018.0,,1.0,1867976.0,13.0,343.0,,,,,,,,,,84.0,695.0,,,,,,,,7.0
823200.0,9093.0,4.0,1018.0,,1.0,1867976.0,,,,,,,,,,,,,,,,,,1049.0,2475.4989999999575,1.0,
823200.0,9093.0,4.0,1018.0,,1.0,1867976.0,,,,,,,,,,,,,,,,,,1050.0,2635.6329999996283,1.0,
823200.0,9093.0,4.0,1018.0,0.0,1.0,1867976.0,,,0.0,1050.0,0.0,82.6437300000177,,,,,,,,,,,0.0,,,,
823200.0,9093.0,4.0,1018.0,0.0,1.0,1867976.0,,,0.0,1049.0,0.0,51.039650000009104,,,,,,,,,,,1.0,,,,
823200.0,9093.0,4.0,1018.0,,1.0,1867976.0,,,,,,,,,19.999999999999968,1050.0,,,,,,,,,,,
823200.0,9093.0,4.0,1018.0,,1.0,1867976.0,,,,,,,,,19.999999999999968,1049.0,,,,,,,,,,,
840000.0,9194.0,4.0,1044.0,,1.0,1912581.0,,,,,,,1050.0,491.4633642681548,,,951.3785700006492,,,1.0,1.0,0.0,,,,,
840000.0,9194.0,4.0,1044.0,,1.0,1912581.0,,,,,,,1049.0,484.0909836211314,,,895.4272100012998,,,1.0,13.0,1.0,,,,,
840000.0,9194.0,4.0,1044.0,,1.0,1912581.0,37.0,350.0,,,,,,,,,,71.0,2284.0,,,,,,,,9.0
840000.0,9194.0,4.0,1044.0,,1.0,1912581.0,25.0,350.0,,,,,,,,,,84.0,16.0,,,,,,,,7.0
840000.0,9194.0,4.0,1044.0,,1.0,1912581.0,1.0,350.0,,,,,,,,,,80.0,1959.0,,,,,,,,8.0
840000.0,9194.0,4.0,1044.0,,1.0,1912581.0,13.0,350.0,,,,,,,,,,84.0,693.0,,,,,,,,7.0
840000.0,9194.0,4.0,1044.0,,1.0,1912581.0,,,,,,,,,,,,,,,,,,1049.0,2549.2219999999556,1.0,
840000.0,9194.0,4.0,1044.0,,1.0,1912581.0,,,,,,,,,,,,,,,,,,1050.0,2698.9689999996235,1.0,
840000.0,9194.0,4.0,1044.0,0.0,1.0,1912581.0,,,0.0,1049.0,0.0,51.039650000009104,,,,,,,,,,,1.0,,,,
840000.0,9194.0,4.0,1044.0,0.0,1.0,1912581.0,,,0.0,1050.0,0.0,82.6437300000177,,,,,,,,,,,0.0,,,,
840000.0,9194.0,4.0,1044.0,,1.0,1912581.0,,,,,,,,,19.999999999999968,1050.0,,,,,,,,,,,
840000.0,9194.0,4.0,1044.0,,1.0,1912581.0,,,,,,,,,19.999999999999968,1049.0,,,,,,,,,,,
856800.0,9262.0,4.0,1064.0,,1.0,1962789.0,,,,,,,1049.0,484.0909836211314,,,896.6900500013513,,,1.0,13.0,1.0,,,,,
856800.0,9262.0,4.0,1064.0,,1.0,1962789.0,,,,,,,1050.0,491.5828923935053,,,947.2916900007875,,,1.0,1.0,0.0,,,,,
856800.0,9262.0,4.0,1064.0,,1.0,1962789.0,13.0,357.0,,,,,,,,,,84.0,658.0,,,,,,,,7.0
856800.0,9262.0,4.0,1064.0,,1.0,1962789.0,1.0,357.0,,,,,,,,,,80.0,1926.0,,,,,,,,8.0
856800.0,9262.0,4.0,1064.0,,1.0,1962789.0,25.0,357.0,,,,,,,,,,84.0,16.0,,,,,,,,7.0
856800.0,9262.0,4.0,1064.0,,1.0,1962789.0,37.0,357.0,,,,,,,,,,71.0,2284.0,,,,,,,,9.0
856800.0,9262.0,4.0,1064.0,,1.0,1962789.0,,,,,,,,,,,,,,,,,,1050.0,2742.0769999996205,1.0,
856800.0,9262.0,4.0,1064.0,,1.0,1962789.0,,,,,,,,,,,,,,,,,,1049.0,2601.4949999999562,1.0,
856800.0,9262.0,4.0,1064.0,0.0,1.0,1962789.0,,,0.0,1049.0,0.0,51.039650000009104,,,,,,,,,,,1.0,,,,
856800.0,9262.0,4.0,1064.0,0.0,1.0,1962789.0,,,0.0,1050.0,0.0,82.6437300000177,,,,,,,,,,,0.0,,,,
856800.0,9262.0,4.0,1064.0,,1.0,1962789.0,,,,,,,,,19.999999999999968,1049.0,,,,,,,,,,,
856800.0,9262.0,4.0,1064.0,,1.0,1962789.0,,,,,,,,,19.999999999999968,1050.0,,,,,,,,,,,
873600.0,9343.0,4.0,1085.0,,1.0,2011292.0,,,,,,,1050.0,491.5828923935053,,,945.7426500008689,,,1.0,13.0,0.0,,,,,
873600.0,9343.0,4.0,1085.0,,1.0,2011292.0,,,,,,,1049.0,484.0909836211314,,,905.938920001338,,,1.0,13.0,1.0,,,,,
873600.0,9343.0,4.0,1085.0,,1.0,2011292.0,1.0,364.0,,,,,,,,,,80.0,1903.0,,,,,,,,8.0
873600.0,9343.0,4.0,1085.0,,1.0,2011292.0,13.0,364.0,,,,,,,,,,84.0,600.0,,,,,,,,7.0
873600.0,9343.0,4.0,1085.0,,1.0,2011292.0,37.0,364.0,,,,,,,,,,71.0,2284.0,,,,,,,,9.0
873600.0,9343.0,4.0,1085.0,,1.0,2011292.0,25.0,364.0,,,,,,,,,,84.0,16.0,,,,,,,,7.0
873600.0,9343.0,4.0,1085.0,,1.0,2011292.0,,,,,,,,,,,,,,,,,,1049.0,2653.5729999999585,1.0,
873600.0,9343.0,4.0,1085.0,,1.0,2011292.0,,,,,,,,,,,,,,,,,,1050.0,2786.2379999996183,1.0,
873600.0,9343.0,4.0,1085.0,0.0,1.0,2011292.0,,,0.0,1050.0,0.0,82.6437300000177,,,,,,,,,,,0.0,,,,
873600.0,9343.0,4.0,1085.0,0.0,1.0,2011292.0,,,0.0,1049.0,0.0,51.039650000009104,,,,,,,,,,,1.0,,,,
873600.0,9343.0,4.0,1085.0,,1.0,2011292.0,,,,,,,,,19.999999999999968,1050.0,,,,,,,,,,,
873600.0,9343.0,4.0,1085.0,,1.0,2011292.0,,,,,,,,,19.999999999999968,1049.0,,,,,,,,,,,
